group00_sub01_run1.nii 24, 51, 63, 79, 80, 81, 134, 137, 140
group00_sub01_run2.nii 4, 5, 6, 7, 14, 15, 16, 19, 25, 26, 27, 51, 52, 54, 55, 78, 79, 80, 83, 107, 108, 111, 141, 142
group00_sub02_run1.nii 0, 1, 2, 3, 4, 5, 6, 7, 8, 58, 59, 62, 77, 102, 105, 106, 107, 108, 132, 133, 156, 157, 158, 159, 160
group00_sub02_run2.nii 3, 11, 29, 31, 32, 34, 35, 48, 49, 50, 57, 58, 75, 80, 129, 133, 142, 148, 149
group00_sub03_run1.nii 39, 55, 67, 80, 120, 134, 156, 157
group00_sub03_run2.nii 1, 3, 24, 25, 92, 112, 114, 115, 123
group00_sub04_run1.nii 3, 21, 22, 24, 25, 26, 27, 61, 75, 76, 77, 106, 107, 108, 122, 125, 149, 150, 152, 155, 157, 159
group00_sub04_run2.nii 21, 41, 42, 67, 81, 89, 92, 96, 112, 129, 130, 131, 132, 133, 134, 138, 144, 145, 150, 157, 159, 160
group00_sub05_run1.nii 8, 11, 19, 20, 21, 22, 23, 25, 26, 56, 64, 65, 105, 130, 131, 149, 157, 159, 161
group00_sub05_run2.nii 13, 14, 49, 50, 71, 73, 82, 83, 103, 104, 105, 106, 107, 111, 121, 129, 130, 131, 141
group00_sub06_run1.nii 0, 1, 2, 3, 5, 19, 25, 26, 28, 29, 48, 96, 105, 158, 159
group00_sub06_run2.nii 1, 2, 3, 4, 7, 9, 10, 22, 23, 24, 29, 81, 134, 153
group00_sub07_run1.nii 3, 11, 12, 14, 15, 20, 45, 79, 125, 126, 149, 155
group00_sub07_run2.nii 24, 25, 50, 51, 59, 66, 67, 91, 92, 103, 104, 132, 133, 134, 135, 138, 139, 142, 161
group00_sub08_run1.nii 24, 25, 26, 43, 44, 45, 49, 50, 51, 52, 75, 76, 78, 79, 80, 130, 131, 132, 134, 135, 137, 138, 158
group00_sub08_run2.nii 13, 14, 17, 24, 25, 26, 27, 36, 48, 49, 75, 76, 77, 86, 102, 103, 104, 105, 106, 107, 109, 113, 124, 129, 130, 132, 133, 134, 152, 155, 156, 157, 158, 159
group00_sub09_run1.nii 22, 23, 52, 53, 54, 80, 104, 112, 143, 156, 157, 158
group00_sub09_run2.nii 1, 3, 4, 32, 39, 45, 49, 50, 51, 53, 66, 76, 77, 91, 95, 103, 106, 107, 128, 132, 133, 137, 147
group00_sub10_run1.nii 0, 130, 131
group00_sub10_run2.nii 3, 5, 6, 7, 8, 9, 10, 13, 15, 16, 50, 102, 103, 104, 105, 144, 145, 150, 153, 154, 155, 158, 159
