group02_sub01_run1.nii 1, 4, 20, 41, 42, 43, 44, 108, 160
group02_sub01_run2.nii 0, 9, 10, 11, 13, 14, 21, 49, 50, 51, 52, 53, 54, 76, 77, 105, 106, 108, 156, 159
group02_sub02_run1.nii 0, 1, 2, 3, 4, 8, 9, 10, 11, 19, 20, 23, 32, 49, 50, 51, 54, 55, 64, 65, 76, 81, 104, 105, 112, 132, 134, 159
group02_sub02_run2.nii 0, 21, 22, 23, 25, 50, 51, 52, 55, 76, 80, 81, 106, 160
group02_sub03_run1.nii 1, 4, 22, 23, 49, 50, 51, 52, 105, 130, 131, 135, 136, 157, 158
group02_sub03_run2.nii 0, 1, 2, 75, 76, 77, 106, 130, 131, 132
group02_sub04_run1.nii 0, 6, 18, 43, 132, 157
group02_sub04_run2.nii 0, 2, 42, 46, 71, 142, 143
group02_sub05_run1.nii 1, 2, 3, 4, 5, 6, 7, 9, 10, 11, 12, 14, 15, 26, 28, 44, 53, 54
group02_sub05_run2.nii 1, 26, 27, 35, 49, 50, 69, 127
group02_sub06_run1.nii 0, 1, 48, 49, 63, 75, 78, 79, 80, 81, 102, 103, 104, 105, 106, 107, 108, 129, 130, 131, 132, 133, 134, 135, 142, 156, 157
group02_sub06_run2.nii 21, 22, 23, 24, 26, 27, 28, 48, 49, 53, 75, 77, 126, 129, 132, 133, 134, 157, 158, 159, 160, 161
group02_sub07_run1.nii 14, 17, 29, 30, 31, 46, 47, 56, 60, 69, 71, 72, 79, 80, 81, 82, 83, 84, 97, 98, 104, 105, 126, 127, 130, 131, 132, 158
group02_sub07_run2.nii 0, 3, 4, 11, 12, 13, 48, 49, 50, 51, 52, 54, 55, 56, 68, 69, 124, 125, 126, 138, 142, 143
group02_sub08_run1.nii 0, 23, 52, 106, 108, 110, 153
group02_sub08_run2.nii 34, 64, 65, 104, 105, 144
group02_sub09_run1.nii 0, 2, 3, 28, 31, 32, 45, 55, 56, 57, 74, 75, 87, 88, 95, 115, 116, 117, 121
group02_sub09_run2.nii 0, 27, 45, 56, 75, 76, 82, 93, 116, 117, 118, 129, 130, 135
group02_sub10_run1.nii 0, 1, 22, 23, 25, 26, 27, 28, 83, 86, 89, 93, 94, 95, 97, 98, 107, 130, 142, 156, 160
group02_sub10_run2.nii 0, 4, 12, 51, 52, 53, 55, 138, 139, 143, 159, 160, 161
