group01_sub01_run1.nii 0, 1, 19, 20, 26, 27, 28, 49, 50, 51, 104, 105, 106, 107, 108, 109, 110, 132, 133, 141, 142, 159
group01_sub01_run2.nii 23, 25, 49, 50, 51, 52, 100, 101, 102, 103, 104, 105, 106, 107, 122, 129, 130, 134, 146, 148, 150, 158, 159, 160, 161
group01_sub02_run1.nii 1, 6, 7, 8, 11, 12, 50, 77, 78, 79, 80, 81, 116, 123, 132, 133, 149, 153
group01_sub02_run2.nii 24, 34, 35, 38, 39, 79, 90, 126, 143, 144, 148, 149, 159, 160, 161
group01_sub03_run1.nii 2, 23, 24, 54, 63, 64, 75, 76, 86, 134, 135
group01_sub03_run2.nii 1, 16, 17, 50, 51, 67, 79, 82, 96, 101, 105, 106, 135, 156, 157, 159, 160
group01_sub04_run1.nii 2, 5, 6, 108, 120, 133, 157
group01_sub04_run2.nii 0, 12, 13, 14, 23, 24, 26, 51, 52, 54, 134, 135, 139, 140
group01_sub05_run1.nii 0, 1, 24, 40, 41, 42, 50, 51, 55, 68, 69, 70, 71, 75, 94, 110, 111, 112, 113, 122, 134, 135, 144, 145, 146, 147
group01_sub05_run2.nii 0, 1, 2, 3, 4, 5, 6, 10, 11, 15, 16, 17, 18, 19, 20, 21, 24, 45, 98, 102, 109, 110, 112, 118, 119, 136, 137, 149, 150, 158
group01_sub06_run1.nii 0, 1, 22, 27, 30, 53, 67, 74, 75, 76, 80, 81, 99, 101, 102, 103, 104, 141, 144
group01_sub06_run2.nii 3, 7, 10, 15, 16, 18, 49, 81, 82, 89, 90, 91, 103, 106, 109, 124, 135
group01_sub07_run1.nii 75, 76, 80, 106, 138, 140
group01_sub07_run2.nii 1, 9, 10, 11, 45, 46, 49, 50, 52, 69, 70, 76, 77, 78, 79, 100, 101, 103, 104, 105, 106, 121, 131, 132, 133, 157, 158
group01_sub08_run1.nii 0, 8, 10, 12, 14, 18, 19, 39, 48, 49, 61, 75, 76, 77, 105, 106, 129, 149, 150
group01_sub08_run2.nii 0, 1, 12, 17, 18, 49, 52, 53, 54, 62, 78, 81, 137
group01_sub09_run1.nii 12, 22, 23, 24, 51, 54, 55, 75, 76, 77, 78, 79, 80, 81, 121, 122, 123, 124, 129, 130, 131, 135, 136, 137, 139, 140, 156
group01_sub09_run2.nii 23, 24, 25, 26, 27, 35, 48, 49, 50, 74, 79, 80, 81, 98, 102, 103, 156, 157, 158, 159
group01_sub10_run1.nii 0, 27, 29, 101, 158, 159
group01_sub10_run2.nii 68, 103, 122, 135
