50.2 0.35 1
51.2 0.35 1
52.2 0.35 1
53.2 0.35 1
54.2 0.35 1
55.2 0.35 1
56.2 0.35 1
57.2 0.35 1
58.2 0.35 1
59.3 0.35 1
60.3 0.35 1
61.3 0.35 1
62.3 0.35 1
63.3 0.35 1
64.3 0.35 1
65.3 0.35 1
114.9 0.35 1
115.9 0.35 1
116.9 0.35 1
117.9 0.35 1
118.9 0.35 1
120.0 0.35 1
121.0 0.35 1
122.0 0.35 1
123.0 0.35 1
124.0 0.35 1
125.0 0.35 1
126.0 0.35 1
127.0 0.35 1
128.0 0.35 1
129.0 0.35 1
130.0 0.35 1
194.7 0.35 1
195.7 0.35 1
196.7 0.35 1
197.7 0.35 1
198.7 0.35 1
199.7 0.35 1
200.7 0.35 1
201.7 0.35 1
202.7 0.35 1
203.7 0.35 1
204.7 0.35 1
205.7 0.35 1
206.7 0.35 1
207.7 0.35 1
208.8 0.35 1
209.8 0.35 1
259.1 0.35 1
260.1 0.35 1
261.1 0.35 1
262.1 0.35 1
263.1 0.35 1
264.1 0.35 1
265.1 0.35 1
266.1 0.35 1
267.1 0.35 1
268.1 0.35 1
269.2 0.35 1
270.2 0.35 1
271.2 0.35 1
272.2 0.35 1
273.2 0.35 1
274.2 0.35 1
374.2 0.35 1
375.2 0.35 1
376.2 0.35 1
377.2 0.35 1
378.2 0.35 1
379.2 0.35 1
380.2 0.35 1
381.2 0.35 1
382.2 0.35 1
383.3 0.35 1
384.3 0.35 1
385.3 0.35 1
386.3 0.35 1
387.3 0.35 1
388.3 0.35 1
389.3 0.35 1
405.0 0.35 1
406.0 0.35 1
407.0 0.35 1
408.0 0.35 1
409.0 0.35 1
410.0 0.35 1
411.0 0.35 1
412.0 0.35 1
413.0 0.35 1
414.0 0.35 1
415.0 0.35 1
416.1 0.35 1
417.1 0.35 1
418.1 0.35 1
419.1 0.35 1
420.1 0.35 1
