0.0 0.35 1
1.0 0.35 1
2.0 0.35 1
3.1 0.35 1
4.1 0.35 1
5.1 0.35 1
6.1 0.35 1
7.1 0.35 1
8.2 0.35 1
9.2 0.35 1
10.2 0.35 1
11.2 0.35 1
12.2 0.35 1
13.2 0.35 1
14.3 0.35 1
15.3 0.35 1
101.7 0.35 1
102.8 0.35 1
103.8 0.35 1
104.8 0.35 1
105.8 0.35 1
106.8 0.35 1
107.9 0.35 1
108.9 0.35 1
109.9 0.35 1
110.9 0.35 1
111.9 0.35 1
112.9 0.35 1
114.0 0.35 1
115.0 0.35 1
116.0 0.35 1
117.0 0.35 1
181.6 0.35 1
182.6 0.35 1
183.6 0.35 1
184.6 0.35 1
185.7 0.35 1
186.7 0.35 1
187.7 0.35 1
188.7 0.35 1
189.7 0.35 1
190.8 0.35 1
191.8 0.35 1
192.8 0.35 1
193.8 0.35 1
194.8 0.35 1
195.9 0.35 1
196.9 0.35 1
246.0 0.35 1
247.0 0.35 1
248.0 0.35 1
249.1 0.35 1
250.1 0.35 1
251.1 0.35 1
252.1 0.35 1
253.1 0.35 1
254.2 0.35 1
255.2 0.35 1
256.2 0.35 1
257.2 0.35 1
258.2 0.35 1
259.2 0.35 1
260.3 0.35 1
261.3 0.35 1
364.2 0.35 1
365.2 0.35 1
366.3 0.35 1
367.3 0.35 1
368.3 0.35 1
369.3 0.35 1
370.3 0.35 1
371.4 0.35 1
372.4 0.35 1
373.4 0.35 1
374.4 0.35 1
375.4 0.35 1
376.4 0.35 1
377.5 0.35 1
378.5 0.35 1
379.5 0.35 1
462.0 0.35 1
463.0 0.35 1
464.0 0.35 1
465.1 0.35 1
466.1 0.35 1
467.1 0.35 1
468.1 0.35 1
469.1 0.35 1
470.1 0.35 1
471.2 0.35 1
472.2 0.35 1
473.2 0.35 1
474.2 0.35 1
475.2 0.35 1
476.3 0.35 1
477.3 0.35 1
