16.2 0.35 1
17.2 0.35 1
18.3 0.35 1
19.3 0.35 1
20.3 0.35 1
21.3 0.35 1
22.3 0.35 1
23.3 0.35 1
24.3 0.35 1
25.3 0.35 1
26.3 0.35 1
27.4 0.35 1
28.4 0.35 1
29.4 0.35 1
30.4 0.35 1
31.4 0.35 1
130.2 0.35 1
131.2 0.35 1
132.2 0.35 1
133.2 0.35 1
134.2 0.35 1
135.3 0.35 1
136.3 0.35 1
137.3 0.35 1
138.3 0.35 1
139.3 0.35 1
140.3 0.35 1
141.3 0.35 1
142.4 0.35 1
143.4 0.35 1
144.4 0.35 1
145.4 0.35 1
195.0 0.35 1
196.0 0.35 1
197.0 0.35 1
198.0 0.35 1
199.0 0.35 1
200.1 0.35 1
201.1 0.35 1
202.1 0.35 1
203.1 0.35 1
204.1 0.35 1
205.1 0.35 1
206.2 0.35 1
207.2 0.35 1
208.2 0.35 1
209.2 0.35 1
210.2 0.35 1
243.0 0.35 1
244.0 0.35 1
245.0 0.35 1
246.0 0.35 1
247.0 0.35 1
248.0 0.35 1
249.1 0.35 1
250.1 0.35 1
251.1 0.35 1
252.1 0.35 1
253.1 0.35 1
254.1 0.35 1
255.1 0.35 1
256.1 0.35 1
257.2 0.35 1
258.2 0.35 1
356.7 0.35 1
357.7 0.35 1
358.7 0.35 1
359.7 0.35 1
360.7 0.35 1
361.7 0.35 1
362.7 0.35 1
363.7 0.35 1
364.7 0.35 1
365.8 0.35 1
366.8 0.35 1
367.8 0.35 1
368.8 0.35 1
369.8 0.35 1
370.8 0.35 1
371.8 0.35 1
437.7 0.35 1
438.7 0.35 1
439.7 0.35 1
440.8 0.35 1
441.8 0.35 1
442.8 0.35 1
443.8 0.35 1
444.8 0.35 1
445.8 0.35 1
446.8 0.35 1
447.8 0.35 1
448.9 0.35 1
449.9 0.35 1
450.9 0.35 1
451.9 0.35 1
452.9 0.35 1
