16.3 0.35 1
17.3 0.35 1
18.4 0.35 1
19.4 0.35 1
20.4 0.35 1
21.4 0.35 1
22.4 0.35 1
23.5 0.35 1
24.5 0.35 1
25.5 0.35 1
26.5 0.35 1
27.5 0.35 1
28.6 0.35 1
29.6 0.35 1
30.6 0.35 1
31.6 0.35 1
134.9 0.35 1
135.9 0.35 1
136.9 0.35 1
137.9 0.35 1
138.9 0.35 1
140.0 0.35 1
141.0 0.35 1
142.0 0.35 1
143.0 0.35 1
144.0 0.35 1
145.1 0.35 1
146.1 0.35 1
147.1 0.35 1
148.1 0.35 1
149.1 0.35 1
150.2 0.35 1
202.4 0.35 1
203.4 0.35 1
204.4 0.35 1
205.4 0.35 1
206.4 0.35 1
207.5 0.35 1
208.5 0.35 1
209.5 0.35 1
210.5 0.35 1
211.5 0.35 1
212.6 0.35 1
213.6 0.35 1
214.6 0.35 1
215.6 0.35 1
216.6 0.35 1
217.7 0.35 1
252.0 0.35 1
253.0 0.35 1
254.0 0.35 1
255.0 0.35 1
256.1 0.35 1
257.1 0.35 1
258.1 0.35 1
259.1 0.35 1
260.1 0.35 1
261.2 0.35 1
262.2 0.35 1
263.2 0.35 1
264.2 0.35 1
265.2 0.35 1
266.3 0.35 1
267.3 0.35 1
370.2 0.35 1
371.3 0.35 1
372.3 0.35 1
373.3 0.35 1
374.3 0.35 1
375.3 0.35 1
376.4 0.35 1
377.4 0.35 1
378.4 0.35 1
379.4 0.35 1
380.4 0.35 1
381.5 0.35 1
382.5 0.35 1
383.5 0.35 1
384.5 0.35 1
385.5 0.35 1
452.9 0.35 1
453.9 0.35 1
454.9 0.35 1
455.9 0.35 1
457.0 0.35 1
458.0 0.35 1
459.0 0.35 1
460.0 0.35 1
461.0 0.35 1
462.1 0.35 1
463.1 0.35 1
464.1 0.35 1
465.1 0.35 1
466.1 0.35 1
467.2 0.35 1
468.2 0.35 1
