34.1 0.35 1
35.1 0.35 1
36.2 0.35 1
37.4 0.35 1
38.5 0.35 1
39.6 0.35 1
40.7 0.35 1
41.8 0.35 1
42.9 0.35 1
43.9 0.35 1
45.0 0.35 1
46.1 0.35 1
47.3 0.35 1
48.4 0.35 1
49.5 0.35 1
50.7 0.35 1
84.1 0.35 1
85.2 0.35 1
86.3 0.35 1
87.4 0.35 1
88.5 0.35 1
89.6 0.35 1
90.7 0.35 1
91.8 0.35 1
92.9 0.35 1
94.1 0.35 1
95.2 0.35 1
96.3 0.35 1
97.3 0.35 1
98.4 0.35 1
99.5 0.35 1
100.6 0.35 1
217.8 0.35 1
218.9 0.35 1
220.0 0.35 1
221.0 0.35 1
222.2 0.35 1
223.2 0.35 1
224.4 0.35 1
225.5 0.35 1
226.6 0.35 1
227.7 0.35 1
228.7 0.35 1
229.9 0.35 1
231.0 0.35 1
232.2 0.35 1
233.3 0.35 1
234.3 0.35 1
284.7 0.35 1
285.9 0.35 1
287.0 0.35 1
288.1 0.35 1
289.3 0.35 1
290.3 0.35 1
291.4 0.35 1
292.5 0.35 1
293.7 0.35 1
294.9 0.35 1
295.9 0.35 1
297.0 0.35 1
298.1 0.35 1
299.2 0.35 1
300.4 0.35 1
301.5 0.35 1
336.2 0.35 1
337.4 0.35 1
338.5 0.35 1
339.6 0.35 1
340.7 0.35 1
341.8 0.35 1
342.9 0.35 1
343.9 0.35 1
345.1 0.35 1
346.2 0.35 1
347.2 0.35 1
348.4 0.35 1
349.5 0.35 1
350.5 0.35 1
351.7 0.35 1
352.7 0.35 1
436.5 0.35 1
437.7 0.35 1
438.7 0.35 1
439.8 0.35 1
440.9 0.35 1
442.1 0.35 1
443.2 0.35 1
444.2 0.35 1
445.3 0.35 1
446.5 0.35 1
447.7 0.35 1
448.9 0.35 1
449.9 0.35 1
451.0 0.35 1
452.1 0.35 1
453.3 0.35 1
-42.2 0.35 1
-41.2 0.35 1
-40.1 0.35 1
-39.0 0.35 1
-37.8 0.35 1
-36.6 0.35 1
-35.5 0.35 1
-34.4 0.35 1
-33.4 0.35 1
-32.3 0.35 1
-31.2 0.35 1
-30.2 0.35 1
-29.1 0.35 1
-28.0 0.35 1
-27.0 0.35 1
-25.8 0.35 1
6.0 0.35 1
7.1 0.35 1
8.2 0.35 1
9.4 0.35 1
10.4 0.35 1
11.6 0.35 1
12.8 0.35 1
13.9 0.35 1
15.0 0.35 1
16.1 0.35 1
17.3 0.35 1
18.4 0.35 1
19.4 0.35 1
20.5 0.35 1
21.7 0.35 1
22.9 0.35 1
138.9 0.35 1
140.1 0.35 1
141.3 0.35 1
142.3 0.35 1
143.4 0.35 1
144.4 0.35 1
145.5 0.35 1
146.6 0.35 1
147.7 0.35 1
148.8 0.35 1
149.9 0.35 1
151.0 0.35 1
152.0 0.35 1
153.1 0.35 1
154.2 0.35 1
155.3 0.35 1
203.3 0.35 1
204.4 0.35 1
205.6 0.35 1
206.7 0.35 1
207.9 0.35 1
208.9 0.35 1
210.0 0.35 1
211.0 0.35 1
212.2 0.35 1
213.4 0.35 1
214.4 0.35 1
215.6 0.35 1
216.7 0.35 1
217.9 0.35 1
219.0 0.35 1
220.2 0.35 1
252.0 0.35 1
253.2 0.35 1
254.3 0.35 1
255.4 0.35 1
256.5 0.35 1
257.6 0.35 1
258.7 0.35 1
259.7 0.35 1
260.8 0.35 1
262.0 0.35 1
263.1 0.35 1
264.3 0.35 1
265.4 0.35 1
266.5 0.35 1
267.6 0.35 1
268.6 0.35 1
349.1 0.35 1
350.3 0.35 1
351.4 0.35 1
352.6 0.35 1
353.6 0.35 1
354.7 0.35 1
355.9 0.35 1
356.9 0.35 1
358.0 0.35 1
359.2 0.35 1
360.4 0.35 1
361.6 0.35 1
362.6 0.35 1
363.7 0.35 1
364.8 0.35 1
366.0 0.35 1
