0.0 0.35 1
1.1 0.35 1
2.1 0.35 1
3.1 0.35 1
4.1 0.35 1
5.1 0.35 1
6.1 0.35 1
7.1 0.35 1
8.1 0.35 1
9.1 0.35 1
10.1 0.35 1
11.2 0.35 1
12.2 0.35 1
13.2 0.35 1
14.2 0.35 1
15.2 0.35 1
98.7 0.35 1
99.7 0.35 1
100.7 0.35 1
101.7 0.35 1
102.7 0.35 1
103.7 0.35 1
104.7 0.35 1
105.7 0.35 1
106.7 0.35 1
107.7 0.35 1
108.8 0.35 1
109.8 0.35 1
110.8 0.35 1
111.8 0.35 1
112.8 0.35 1
113.8 0.35 1
178.7 0.35 1
179.7 0.35 1
180.7 0.35 1
181.7 0.35 1
182.7 0.35 1
183.7 0.35 1
184.7 0.35 1
185.7 0.35 1
186.7 0.35 1
187.7 0.35 1
188.8 0.35 1
189.8 0.35 1
190.8 0.35 1
191.8 0.35 1
192.8 0.35 1
193.8 0.35 1
243.0 0.35 1
244.0 0.35 1
245.0 0.35 1
246.0 0.35 1
247.0 0.35 1
248.0 0.35 1
249.0 0.35 1
250.0 0.35 1
251.0 0.35 1
252.1 0.35 1
253.1 0.35 1
254.1 0.35 1
255.1 0.35 1
256.1 0.35 1
257.1 0.35 1
258.1 0.35 1
362.1 0.35 1
363.1 0.35 1
364.1 0.35 1
365.1 0.35 1
366.1 0.35 1
367.1 0.35 1
368.1 0.35 1
369.1 0.35 1
370.1 0.35 1
371.1 0.35 1
372.2 0.35 1
373.2 0.35 1
374.2 0.35 1
375.2 0.35 1
376.2 0.35 1
377.2 0.35 1
462.0 0.35 1
463.0 0.35 1
464.0 0.35 1
465.0 0.35 1
466.0 0.35 1
467.0 0.35 1
468.0 0.35 1
469.0 0.35 1
470.0 0.35 1
471.0 0.35 1
472.0 0.35 1
473.1 0.35 1
474.1 0.35 1
475.1 0.35 1
476.1 0.35 1
477.1 0.35 1
