51.3 0.35 1
52.3 0.35 1
53.4 0.35 1
54.4 0.35 1
55.4 0.35 1
56.4 0.35 1
57.4 0.35 1
58.4 0.35 1
59.5 0.35 1
60.5 0.35 1
61.5 0.35 1
62.5 0.35 1
63.5 0.35 1
64.6 0.35 1
65.6 0.35 1
66.6 0.35 1
118.0 0.35 1
119.0 0.35 1
120.0 0.35 1
121.0 0.35 1
122.1 0.35 1
123.1 0.35 1
124.1 0.35 1
125.1 0.35 1
126.1 0.35 1
127.2 0.35 1
128.2 0.35 1
129.2 0.35 1
130.2 0.35 1
131.2 0.35 1
132.3 0.35 1
133.3 0.35 1
202.2 0.35 1
203.2 0.35 1
204.3 0.35 1
205.3 0.35 1
206.3 0.35 1
207.3 0.35 1
208.3 0.35 1
209.4 0.35 1
210.4 0.35 1
211.4 0.35 1
212.4 0.35 1
213.4 0.35 1
214.4 0.35 1
215.5 0.35 1
216.5 0.35 1
217.5 0.35 1
268.3 0.35 1
269.3 0.35 1
270.3 0.35 1
271.4 0.35 1
272.4 0.35 1
273.4 0.35 1
274.4 0.35 1
275.4 0.35 1
276.4 0.35 1
277.5 0.35 1
278.5 0.35 1
279.5 0.35 1
280.5 0.35 1
281.5 0.35 1
282.5 0.35 1
283.6 0.35 1
387.5 0.35 1
388.5 0.35 1
389.6 0.35 1
390.6 0.35 1
391.6 0.35 1
392.6 0.35 1
393.6 0.35 1
394.7 0.35 1
395.7 0.35 1
396.7 0.35 1
397.7 0.35 1
398.7 0.35 1
399.8 0.35 1
400.8 0.35 1
401.8 0.35 1
402.8 0.35 1
420.0 0.35 1
421.0 0.35 1
422.0 0.35 1
423.0 0.35 1
424.1 0.35 1
425.1 0.35 1
426.1 0.35 1
427.1 0.35 1
428.1 0.35 1
429.2 0.35 1
430.2 0.35 1
431.2 0.35 1
432.2 0.35 1
433.2 0.35 1
434.3 0.35 1
435.3 0.35 1
