0.0 0.35 1
1.0 0.35 1
2.0 0.35 1
3.0 0.35 1
4.1 0.35 1
5.1 0.35 1
6.1 0.35 1
7.1 0.35 1
8.1 0.35 1
9.2 0.35 1
10.2 0.35 1
11.2 0.35 1
12.2 0.35 1
13.2 0.35 1
14.3 0.35 1
15.3 0.35 1
101.8 0.35 1
102.8 0.35 1
103.9 0.35 1
104.9 0.35 1
105.9 0.35 1
106.9 0.35 1
107.9 0.35 1
109.0 0.35 1
110.0 0.35 1
111.0 0.35 1
112.0 0.35 1
113.0 0.35 1
114.1 0.35 1
115.1 0.35 1
116.1 0.35 1
117.1 0.35 1
184.6 0.35 1
185.6 0.35 1
186.6 0.35 1
187.6 0.35 1
188.7 0.35 1
189.7 0.35 1
190.7 0.35 1
191.7 0.35 1
192.7 0.35 1
193.7 0.35 1
194.8 0.35 1
195.8 0.35 1
196.8 0.35 1
197.8 0.35 1
198.8 0.35 1
199.9 0.35 1
252.0 0.35 1
253.0 0.35 1
254.0 0.35 1
255.0 0.35 1
256.1 0.35 1
257.1 0.35 1
258.1 0.35 1
259.1 0.35 1
260.1 0.35 1
261.2 0.35 1
262.2 0.35 1
263.2 0.35 1
264.2 0.35 1
265.2 0.35 1
266.3 0.35 1
267.3 0.35 1
370.5 0.35 1
371.5 0.35 1
372.5 0.35 1
373.6 0.35 1
374.6 0.35 1
375.6 0.35 1
376.6 0.35 1
377.6 0.35 1
378.7 0.35 1
379.7 0.35 1
380.7 0.35 1
381.7 0.35 1
382.7 0.35 1
383.8 0.35 1
384.8 0.35 1
385.8 0.35 1
470.7 0.35 1
471.7 0.35 1
472.7 0.35 1
473.7 0.35 1
474.8 0.35 1
475.8 0.35 1
476.8 0.35 1
477.8 0.35 1
478.8 0.35 1
479.9 0.35 1
480.9 0.35 1
481.9 0.35 1
482.9 0.35 1
483.9 0.35 1
484.9 0.35 1
486.0 0.35 1
