0.0 0.35 1
1.0 0.35 1
2.0 0.35 1
3.0 0.35 1
4.0 0.35 1
5.0 0.35 1
6.1 0.35 1
7.1 0.35 1
8.1 0.35 1
9.1 0.35 1
10.1 0.35 1
11.1 0.35 1
12.1 0.35 1
13.1 0.35 1
14.1 0.35 1
15.1 0.35 1
98.7 0.35 1
99.7 0.35 1
100.7 0.35 1
101.7 0.35 1
102.8 0.35 1
103.8 0.35 1
104.8 0.35 1
105.8 0.35 1
106.8 0.35 1
107.8 0.35 1
108.8 0.35 1
109.8 0.35 1
110.8 0.35 1
111.8 0.35 1
112.8 0.35 1
113.8 0.35 1
178.6 0.35 1
179.6 0.35 1
180.6 0.35 1
181.6 0.35 1
182.6 0.35 1
183.6 0.35 1
184.6 0.35 1
185.6 0.35 1
186.6 0.35 1
187.6 0.35 1
188.6 0.35 1
189.6 0.35 1
190.6 0.35 1
191.6 0.35 1
192.6 0.35 1
193.6 0.35 1
243.0 0.35 1
244.0 0.35 1
245.0 0.35 1
246.0 0.35 1
247.0 0.35 1
248.0 0.35 1
249.0 0.35 1
250.0 0.35 1
251.0 0.35 1
252.0 0.35 1
253.0 0.35 1
254.0 0.35 1
255.1 0.35 1
256.1 0.35 1
257.1 0.35 1
258.1 0.35 1
358.1 0.35 1
359.1 0.35 1
360.1 0.35 1
361.1 0.35 1
362.1 0.35 1
363.1 0.35 1
364.1 0.35 1
365.1 0.35 1
366.1 0.35 1
367.1 0.35 1
368.1 0.35 1
369.1 0.35 1
370.1 0.35 1
371.1 0.35 1
372.2 0.35 1
373.2 0.35 1
455.5 0.35 1
456.5 0.35 1
457.5 0.35 1
458.5 0.35 1
459.5 0.35 1
460.5 0.35 1
461.6 0.35 1
462.6 0.35 1
463.6 0.35 1
464.6 0.35 1
465.6 0.35 1
466.6 0.35 1
467.6 0.35 1
468.6 0.35 1
469.6 0.35 1
470.6 0.35 1
