16.3 0.35 1
17.4 0.35 1
18.4 0.35 1
19.4 0.35 1
20.5 0.35 1
21.5 0.35 1
22.6 0.35 1
23.6 0.35 1
24.6 0.35 1
25.7 0.35 1
26.7 0.35 1
27.7 0.35 1
28.8 0.35 1
29.8 0.35 1
30.8 0.35 1
31.9 0.35 1
134.5 0.35 1
135.5 0.35 1
136.5 0.35 1
137.6 0.35 1
138.6 0.35 1
139.7 0.35 1
140.7 0.35 1
141.7 0.35 1
142.8 0.35 1
143.8 0.35 1
144.8 0.35 1
145.9 0.35 1
146.9 0.35 1
147.9 0.35 1
149.0 0.35 1
150.0 0.35 1
168.0 0.35 1
169.0 0.35 1
170.1 0.35 1
171.1 0.35 1
172.2 0.35 1
173.2 0.35 1
174.2 0.35 1
175.3 0.35 1
176.3 0.35 1
177.3 0.35 1
178.4 0.35 1
179.4 0.35 1
180.4 0.35 1
181.5 0.35 1
182.5 0.35 1
183.6 0.35 1
302.5 0.35 1
303.5 0.35 1
304.6 0.35 1
305.6 0.35 1
306.6 0.35 1
307.7 0.35 1
308.7 0.35 1
309.8 0.35 1
310.8 0.35 1
311.8 0.35 1
312.9 0.35 1
313.9 0.35 1
314.9 0.35 1
316.0 0.35 1
317.0 0.35 1
318.0 0.35 1
353.9 0.35 1
355.0 0.35 1
356.0 0.35 1
357.0 0.35 1
358.1 0.35 1
359.1 0.35 1
360.1 0.35 1
361.2 0.35 1
362.2 0.35 1
363.3 0.35 1
364.3 0.35 1
365.3 0.35 1
366.4 0.35 1
367.4 0.35 1
368.4 0.35 1
369.5 0.35 1
454.1 0.35 1
455.1 0.35 1
456.2 0.35 1
457.2 0.35 1
458.3 0.35 1
459.3 0.35 1
460.3 0.35 1
461.4 0.35 1
462.4 0.35 1
463.4 0.35 1
464.5 0.35 1
465.5 0.35 1
466.5 0.35 1
467.6 0.35 1
468.6 0.35 1
469.7 0.35 1
