50.3 0.35 1
51.3 0.35 1
52.3 0.35 1
53.4 0.35 1
54.4 0.35 1
55.4 0.35 1
56.4 0.35 1
57.4 0.35 1
58.4 0.35 1
59.5 0.35 1
60.5 0.35 1
61.5 0.35 1
62.5 0.35 1
63.5 0.35 1
64.5 0.35 1
65.5 0.35 1
115.1 0.35 1
116.1 0.35 1
117.1 0.35 1
118.1 0.35 1
119.2 0.35 1
120.2 0.35 1
121.2 0.35 1
122.2 0.35 1
123.2 0.35 1
124.2 0.35 1
125.2 0.35 1
126.2 0.35 1
127.3 0.35 1
128.3 0.35 1
129.3 0.35 1
130.3 0.35 1
194.8 0.35 1
195.8 0.35 1
196.8 0.35 1
197.8 0.35 1
198.8 0.35 1
199.9 0.35 1
200.9 0.35 1
201.9 0.35 1
202.9 0.35 1
203.9 0.35 1
204.9 0.35 1
205.9 0.35 1
206.9 0.35 1
207.9 0.35 1
209.0 0.35 1
210.0 0.35 1
259.2 0.35 1
260.2 0.35 1
261.2 0.35 1
262.2 0.35 1
263.2 0.35 1
264.2 0.35 1
265.3 0.35 1
266.3 0.35 1
267.3 0.35 1
268.3 0.35 1
269.3 0.35 1
270.3 0.35 1
271.3 0.35 1
272.4 0.35 1
273.4 0.35 1
274.4 0.35 1
374.4 0.35 1
375.4 0.35 1
376.4 0.35 1
377.5 0.35 1
378.5 0.35 1
379.5 0.35 1
380.5 0.35 1
381.5 0.35 1
382.5 0.35 1
383.5 0.35 1
384.5 0.35 1
385.6 0.35 1
386.6 0.35 1
387.6 0.35 1
388.6 0.35 1
389.6 0.35 1
405.0 0.35 1
406.0 0.35 1
407.0 0.35 1
408.0 0.35 1
409.0 0.35 1
410.1 0.35 1
411.1 0.35 1
412.1 0.35 1
413.1 0.35 1
414.1 0.35 1
415.1 0.35 1
416.1 0.35 1
417.1 0.35 1
418.2 0.35 1
419.2 0.35 1
420.2 0.35 1
