16.3 0.35 1
17.3 0.35 1
18.4 0.35 1
19.4 0.35 1
20.4 0.35 1
21.4 0.35 1
22.4 0.35 1
23.5 0.35 1
24.5 0.35 1
25.5 0.35 1
26.5 0.35 1
27.5 0.35 1
28.6 0.35 1
29.6 0.35 1
30.6 0.35 1
31.6 0.35 1
135.6 0.35 1
136.6 0.35 1
137.6 0.35 1
138.6 0.35 1
139.6 0.35 1
140.7 0.35 1
141.7 0.35 1
142.7 0.35 1
143.7 0.35 1
144.7 0.35 1
145.8 0.35 1
146.8 0.35 1
147.8 0.35 1
148.8 0.35 1
149.8 0.35 1
150.9 0.35 1
202.9 0.35 1
203.9 0.35 1
204.9 0.35 1
205.9 0.35 1
206.9 0.35 1
207.9 0.35 1
209.0 0.35 1
210.0 0.35 1
211.0 0.35 1
212.0 0.35 1
213.0 0.35 1
214.1 0.35 1
215.1 0.35 1
216.1 0.35 1
217.1 0.35 1
218.1 0.35 1
252.0 0.35 1
253.0 0.35 1
254.0 0.35 1
255.0 0.35 1
256.1 0.35 1
257.1 0.35 1
258.1 0.35 1
259.1 0.35 1
260.1 0.35 1
261.2 0.35 1
262.2 0.35 1
263.2 0.35 1
264.2 0.35 1
265.2 0.35 1
266.3 0.35 1
267.3 0.35 1
370.2 0.35 1
371.3 0.35 1
372.3 0.35 1
373.3 0.35 1
374.3 0.35 1
375.3 0.35 1
376.4 0.35 1
377.4 0.35 1
378.4 0.35 1
379.4 0.35 1
380.4 0.35 1
381.5 0.35 1
382.5 0.35 1
383.5 0.35 1
384.5 0.35 1
385.5 0.35 1
453.3 0.35 1
454.4 0.35 1
455.4 0.35 1
456.4 0.35 1
457.4 0.35 1
458.4 0.35 1
459.5 0.35 1
460.5 0.35 1
461.5 0.35 1
462.5 0.35 1
463.5 0.35 1
464.6 0.35 1
465.6 0.35 1
466.6 0.35 1
467.6 0.35 1
468.6 0.35 1
