16.3 0.35 1
17.4 0.35 1
18.4 0.35 1
19.4 0.35 1
20.5 0.35 1
21.5 0.35 1
22.6 0.35 1
23.6 0.35 1
24.6 0.35 1
25.7 0.35 1
26.7 0.35 1
27.7 0.35 1
28.8 0.35 1
29.8 0.35 1
30.8 0.35 1
31.9 0.35 1
134.4 0.35 1
135.4 0.35 1
136.5 0.35 1
137.5 0.35 1
138.5 0.35 1
139.6 0.35 1
140.6 0.35 1
141.6 0.35 1
142.7 0.35 1
143.7 0.35 1
144.7 0.35 1
145.8 0.35 1
146.8 0.35 1
147.9 0.35 1
148.9 0.35 1
149.9 0.35 1
165.0 0.35 1
166.1 0.35 1
167.1 0.35 1
168.1 0.35 1
169.2 0.35 1
170.2 0.35 1
171.2 0.35 1
172.3 0.35 1
173.3 0.35 1
174.3 0.35 1
175.4 0.35 1
176.4 0.35 1
177.5 0.35 1
178.5 0.35 1
179.5 0.35 1
180.6 0.35 1
296.6 0.35 1
297.7 0.35 1
298.7 0.35 1
299.8 0.35 1
300.8 0.35 1
301.8 0.35 1
302.9 0.35 1
303.9 0.35 1
304.9 0.35 1
306.0 0.35 1
307.0 0.35 1
308.0 0.35 1
309.1 0.35 1
310.1 0.35 1
311.2 0.35 1
312.2 0.35 1
347.7 0.35 1
348.7 0.35 1
349.7 0.35 1
350.8 0.35 1
351.8 0.35 1
352.8 0.35 1
353.9 0.35 1
354.9 0.35 1
355.9 0.35 1
357.0 0.35 1
358.0 0.35 1
359.1 0.35 1
360.1 0.35 1
361.1 0.35 1
362.2 0.35 1
363.2 0.35 1
445.4 0.35 1
446.5 0.35 1
447.5 0.35 1
448.5 0.35 1
449.6 0.35 1
450.6 0.35 1
451.6 0.35 1
452.7 0.35 1
453.7 0.35 1
454.8 0.35 1
455.8 0.35 1
456.8 0.35 1
457.9 0.35 1
458.9 0.35 1
459.9 0.35 1
461.0 0.35 1
