51.7 0.35 1
52.7 0.35 1
53.7 0.35 1
54.7 0.35 1
55.8 0.35 1
56.8 0.35 1
57.8 0.35 1
58.8 0.35 1
59.8 0.35 1
60.9 0.35 1
61.9 0.35 1
62.9 0.35 1
63.9 0.35 1
64.9 0.35 1
66.0 0.35 1
67.0 0.35 1
118.0 0.35 1
119.0 0.35 1
120.0 0.35 1
121.0 0.35 1
122.0 0.35 1
123.1 0.35 1
124.1 0.35 1
125.1 0.35 1
126.1 0.35 1
127.1 0.35 1
128.1 0.35 1
129.2 0.35 1
130.2 0.35 1
131.2 0.35 1
132.2 0.35 1
133.2 0.35 1
201.4 0.35 1
202.4 0.35 1
203.4 0.35 1
204.4 0.35 1
205.5 0.35 1
206.5 0.35 1
207.5 0.35 1
208.5 0.35 1
209.5 0.35 1
210.6 0.35 1
211.6 0.35 1
212.6 0.35 1
213.6 0.35 1
214.6 0.35 1
215.6 0.35 1
216.7 0.35 1
268.3 0.35 1
269.3 0.35 1
270.3 0.35 1
271.4 0.35 1
272.4 0.35 1
273.4 0.35 1
274.4 0.35 1
275.4 0.35 1
276.5 0.35 1
277.5 0.35 1
278.5 0.35 1
279.5 0.35 1
280.5 0.35 1
281.6 0.35 1
282.6 0.35 1
283.6 0.35 1
387.6 0.35 1
388.7 0.35 1
389.7 0.35 1
390.7 0.35 1
391.7 0.35 1
392.7 0.35 1
393.8 0.35 1
394.8 0.35 1
395.8 0.35 1
396.8 0.35 1
397.8 0.35 1
398.9 0.35 1
399.9 0.35 1
400.9 0.35 1
401.9 0.35 1
402.9 0.35 1
420.0 0.35 1
421.0 0.35 1
422.0 0.35 1
423.1 0.35 1
424.1 0.35 1
425.1 0.35 1
426.1 0.35 1
427.1 0.35 1
428.1 0.35 1
429.2 0.35 1
430.2 0.35 1
431.2 0.35 1
432.2 0.35 1
433.2 0.35 1
434.3 0.35 1
435.3 0.35 1
-24.8 0.35 1
-23.8 0.35 1
-22.8 0.35 1
-21.8 0.35 1
-20.7 0.35 1
-19.7 0.35 1
-18.7 0.35 1
-17.7 0.35 1
-16.7 0.35 1
-15.7 0.35 1
-14.6 0.35 1
-13.6 0.35 1
-12.6 0.35 1
-11.6 0.35 1
-10.6 0.35 1
-9.6 0.35 1
40.1 0.35 1
41.1 0.35 1
42.1 0.35 1
43.1 0.35 1
44.1 0.35 1
45.1 0.35 1
46.2 0.35 1
47.2 0.35 1
48.2 0.35 1
49.2 0.35 1
50.2 0.35 1
51.3 0.35 1
52.3 0.35 1
53.3 0.35 1
54.3 0.35 1
55.3 0.35 1
122.7 0.35 1
123.7 0.35 1
124.7 0.35 1
125.7 0.35 1
126.7 0.35 1
127.7 0.35 1
128.7 0.35 1
129.7 0.35 1
130.8 0.35 1
131.8 0.35 1
132.8 0.35 1
133.8 0.35 1
134.8 0.35 1
135.8 0.35 1
136.8 0.35 1
137.8 0.35 1
187.0 0.35 1
188.1 0.35 1
189.1 0.35 1
190.1 0.35 1
191.1 0.35 1
192.1 0.35 1
193.1 0.35 1
194.1 0.35 1
195.1 0.35 1
196.2 0.35 1
197.2 0.35 1
198.2 0.35 1
199.2 0.35 1
200.2 0.35 1
201.2 0.35 1
202.2 0.35 1
302.4 0.35 1
303.4 0.35 1
304.5 0.35 1
305.5 0.35 1
306.5 0.35 1
307.5 0.35 1
308.5 0.35 1
309.5 0.35 1
310.5 0.35 1
311.5 0.35 1
312.5 0.35 1
313.6 0.35 1
314.6 0.35 1
315.6 0.35 1
316.6 0.35 1
317.6 0.35 1
332.8 0.35 1
333.9 0.35 1
334.9 0.35 1
335.9 0.35 1
336.9 0.35 1
337.9 0.35 1
338.9 0.35 1
340.0 0.35 1
341.0 0.35 1
342.0 0.35 1
343.0 0.35 1
344.0 0.35 1
345.0 0.35 1
346.0 0.35 1
347.0 0.35 1
348.1 0.35 1
