32.8 0.35 1
33.8 0.35 1
34.9 0.35 1
36.1 0.35 1
37.2 0.35 1
38.3 0.35 1
39.5 0.35 1
40.6 0.35 1
41.7 0.35 1
42.7 0.35 1
43.8 0.35 1
44.9 0.35 1
46.0 0.35 1
47.1 0.35 1
48.1 0.35 1
49.2 0.35 1
81.1 0.35 1
82.2 0.35 1
83.4 0.35 1
84.5 0.35 1
85.5 0.35 1
86.7 0.35 1
87.8 0.35 1
89.0 0.35 1
90.1 0.35 1
91.2 0.35 1
92.3 0.35 1
93.4 0.35 1
94.4 0.35 1
95.5 0.35 1
96.6 0.35 1
97.7 0.35 1
210.9 0.35 1
212.0 0.35 1
213.2 0.35 1
214.2 0.35 1
215.3 0.35 1
216.4 0.35 1
217.4 0.35 1
218.6 0.35 1
219.6 0.35 1
220.8 0.35 1
221.8 0.35 1
222.9 0.35 1
223.9 0.35 1
225.0 0.35 1
226.1 0.35 1
227.1 0.35 1
275.4 0.35 1
276.5 0.35 1
277.7 0.35 1
278.8 0.35 1
279.9 0.35 1
281.0 0.35 1
282.1 0.35 1
283.2 0.35 1
284.4 0.35 1
285.5 0.35 1
286.5 0.35 1
287.6 0.35 1
288.7 0.35 1
289.8 0.35 1
291.0 0.35 1
292.1 0.35 1
324.1 0.35 1
325.2 0.35 1
326.3 0.35 1
327.4 0.35 1
328.5 0.35 1
329.6 0.35 1
330.7 0.35 1
331.7 0.35 1
332.8 0.35 1
333.9 0.35 1
335.0 0.35 1
336.1 0.35 1
337.2 0.35 1
338.3 0.35 1
339.5 0.35 1
340.5 0.35 1
421.3 0.35 1
422.4 0.35 1
423.5 0.35 1
424.7 0.35 1
425.8 0.35 1
426.9 0.35 1
428.0 0.35 1
429.0 0.35 1
430.2 0.35 1
431.3 0.35 1
432.4 0.35 1
433.6 0.35 1
434.6 0.35 1
435.7 0.35 1
436.8 0.35 1
437.9 0.35 1
