16.1 0.35 1
17.2 0.35 1
18.2 0.35 1
19.2 0.35 1
20.2 0.35 1
21.2 0.35 1
22.2 0.35 1
23.2 0.35 1
24.2 0.35 1
25.2 0.35 1
26.2 0.35 1
27.2 0.35 1
28.2 0.35 1
29.2 0.35 1
30.2 0.35 1
31.2 0.35 1
131.4 0.35 1
132.4 0.35 1
133.4 0.35 1
134.4 0.35 1
135.4 0.35 1
136.4 0.35 1
137.4 0.35 1
138.4 0.35 1
139.4 0.35 1
140.4 0.35 1
141.4 0.35 1
142.4 0.35 1
143.4 0.35 1
144.4 0.35 1
145.5 0.35 1
146.5 0.35 1
196.2 0.35 1
197.2 0.35 1
198.2 0.35 1
199.2 0.35 1
200.3 0.35 1
201.3 0.35 1
202.3 0.35 1
203.3 0.35 1
204.3 0.35 1
205.3 0.35 1
206.3 0.35 1
207.3 0.35 1
208.3 0.35 1
209.3 0.35 1
210.3 0.35 1
211.3 0.35 1
243.0 0.35 1
244.0 0.35 1
245.0 0.35 1
246.0 0.35 1
247.0 0.35 1
248.0 0.35 1
249.0 0.35 1
250.0 0.35 1
251.0 0.35 1
252.1 0.35 1
253.1 0.35 1
254.1 0.35 1
255.1 0.35 1
256.1 0.35 1
257.1 0.35 1
258.1 0.35 1
357.8 0.35 1
358.8 0.35 1
359.8 0.35 1
360.8 0.35 1
361.8 0.35 1
362.8 0.35 1
363.8 0.35 1
364.8 0.35 1
365.8 0.35 1
366.8 0.35 1
367.8 0.35 1
368.8 0.35 1
369.9 0.35 1
370.9 0.35 1
371.9 0.35 1
372.9 0.35 1
437.7 0.35 1
438.7 0.35 1
439.7 0.35 1
440.7 0.35 1
441.7 0.35 1
442.7 0.35 1
443.7 0.35 1
444.7 0.35 1
445.7 0.35 1
446.7 0.35 1
447.7 0.35 1
448.7 0.35 1
449.8 0.35 1
450.8 0.35 1
451.8 0.35 1
452.8 0.35 1
