32.7 0.35 1
33.7 0.35 1
34.7 0.35 1
35.8 0.35 1
36.8 0.35 1
37.8 0.35 1
38.8 0.35 1
39.9 0.35 1
40.9 0.35 1
41.9 0.35 1
42.9 0.35 1
44.0 0.35 1
45.0 0.35 1
46.0 0.35 1
47.0 0.35 1
48.1 0.35 1
81.0 0.35 1
82.0 0.35 1
83.1 0.35 1
84.1 0.35 1
85.1 0.35 1
86.2 0.35 1
87.2 0.35 1
88.2 0.35 1
89.2 0.35 1
90.3 0.35 1
91.3 0.35 1
92.3 0.35 1
93.3 0.35 1
94.4 0.35 1
95.4 0.35 1
96.4 0.35 1
178.6 0.35 1
179.6 0.35 1
180.7 0.35 1
181.7 0.35 1
182.7 0.35 1
183.8 0.35 1
184.8 0.35 1
185.8 0.35 1
186.9 0.35 1
187.9 0.35 1
188.9 0.35 1
190.0 0.35 1
191.0 0.35 1
192.0 0.35 1
193.1 0.35 1
194.1 0.35 1
292.2 0.35 1
293.2 0.35 1
294.2 0.35 1
295.3 0.35 1
296.3 0.35 1
297.3 0.35 1
298.4 0.35 1
299.4 0.35 1
300.4 0.35 1
301.4 0.35 1
302.5 0.35 1
303.5 0.35 1
304.6 0.35 1
305.6 0.35 1
306.6 0.35 1
307.6 0.35 1
340.3 0.35 1
341.3 0.35 1
342.4 0.35 1
343.4 0.35 1
344.4 0.35 1
345.4 0.35 1
346.5 0.35 1
347.5 0.35 1
348.5 0.35 1
349.6 0.35 1
350.6 0.35 1
351.6 0.35 1
352.7 0.35 1
353.7 0.35 1
354.7 0.35 1
355.7 0.35 1
454.2 0.35 1
455.2 0.35 1
456.2 0.35 1
457.3 0.35 1
458.3 0.35 1
459.3 0.35 1
460.3 0.35 1
461.4 0.35 1
462.4 0.35 1
463.4 0.35 1
464.5 0.35 1
465.5 0.35 1
466.5 0.35 1
467.6 0.35 1
468.6 0.35 1
469.6 0.35 1
