0.0 0.35 1
1.1 0.35 1
2.1 0.35 1
3.1 0.35 1
4.1 0.35 1
5.1 0.35 1
6.1 0.35 1
7.1 0.35 1
8.1 0.35 1
9.1 0.35 1
10.1 0.35 1
11.2 0.35 1
12.2 0.35 1
13.2 0.35 1
14.2 0.35 1
15.2 0.35 1
101.6 0.35 1
102.6 0.35 1
103.6 0.35 1
104.6 0.35 1
105.6 0.35 1
106.6 0.35 1
107.6 0.35 1
108.6 0.35 1
109.6 0.35 1
110.7 0.35 1
111.7 0.35 1
112.7 0.35 1
113.7 0.35 1
114.7 0.35 1
115.7 0.35 1
116.7 0.35 1
215.3 0.35 1
216.3 0.35 1
217.3 0.35 1
218.3 0.35 1
219.3 0.35 1
220.3 0.35 1
221.3 0.35 1
222.3 0.35 1
223.3 0.35 1
224.3 0.35 1
225.3 0.35 1
226.3 0.35 1
227.3 0.35 1
228.3 0.35 1
229.4 0.35 1
230.4 0.35 1
279.4 0.35 1
280.4 0.35 1
281.4 0.35 1
282.4 0.35 1
283.4 0.35 1
284.5 0.35 1
285.5 0.35 1
286.5 0.35 1
287.5 0.35 1
288.5 0.35 1
289.5 0.35 1
290.5 0.35 1
291.5 0.35 1
292.5 0.35 1
293.5 0.35 1
294.5 0.35 1
330.0 0.35 1
331.0 0.35 1
332.0 0.35 1
333.0 0.35 1
334.0 0.35 1
335.0 0.35 1
336.0 0.35 1
337.0 0.35 1
338.0 0.35 1
339.0 0.35 1
340.0 0.35 1
341.1 0.35 1
342.1 0.35 1
343.1 0.35 1
344.1 0.35 1
345.1 0.35 1
431.2 0.35 1
432.3 0.35 1
433.3 0.35 1
434.3 0.35 1
435.3 0.35 1
436.3 0.35 1
437.3 0.35 1
438.3 0.35 1
439.3 0.35 1
440.3 0.35 1
441.3 0.35 1
442.3 0.35 1
443.3 0.35 1
444.3 0.35 1
445.3 0.35 1
446.3 0.35 1
