0.0 0.35 1
1.0 0.35 1
2.0 0.35 1
3.1 0.35 1
4.1 0.35 1
5.1 0.35 1
6.1 0.35 1
7.1 0.35 1
8.1 0.35 1
9.1 0.35 1
10.2 0.35 1
11.2 0.35 1
12.2 0.35 1
13.2 0.35 1
14.2 0.35 1
15.2 0.35 1
97.4 0.35 1
98.4 0.35 1
99.4 0.35 1
100.5 0.35 1
101.5 0.35 1
102.5 0.35 1
103.5 0.35 1
104.5 0.35 1
105.5 0.35 1
106.5 0.35 1
107.5 0.35 1
108.6 0.35 1
109.6 0.35 1
110.6 0.35 1
111.6 0.35 1
112.6 0.35 1
211.2 0.35 1
212.2 0.35 1
213.2 0.35 1
214.2 0.35 1
215.2 0.35 1
216.2 0.35 1
217.2 0.35 1
218.3 0.35 1
219.3 0.35 1
220.3 0.35 1
221.3 0.35 1
222.3 0.35 1
223.3 0.35 1
224.4 0.35 1
225.4 0.35 1
226.4 0.35 1
275.8 0.35 1
276.8 0.35 1
277.8 0.35 1
278.8 0.35 1
279.8 0.35 1
280.8 0.35 1
281.9 0.35 1
282.9 0.35 1
283.9 0.35 1
284.9 0.35 1
285.9 0.35 1
286.9 0.35 1
287.9 0.35 1
288.9 0.35 1
289.9 0.35 1
291.0 0.35 1
324.0 0.35 1
325.0 0.35 1
326.0 0.35 1
327.0 0.35 1
328.0 0.35 1
329.0 0.35 1
330.0 0.35 1
331.0 0.35 1
332.1 0.35 1
333.1 0.35 1
334.1 0.35 1
335.1 0.35 1
336.1 0.35 1
337.1 0.35 1
338.1 0.35 1
339.1 0.35 1
421.5 0.35 1
422.5 0.35 1
423.5 0.35 1
424.5 0.35 1
425.6 0.35 1
426.6 0.35 1
427.6 0.35 1
428.6 0.35 1
429.6 0.35 1
430.6 0.35 1
431.6 0.35 1
432.6 0.35 1
433.7 0.35 1
434.7 0.35 1
435.7 0.35 1
436.7 0.35 1
