49.3 0.35 1
50.3 0.35 1
51.3 0.35 1
52.3 0.35 1
53.3 0.35 1
54.4 0.35 1
55.4 0.35 1
56.4 0.35 1
57.4 0.35 1
58.4 0.35 1
59.4 0.35 1
60.5 0.35 1
61.5 0.35 1
62.5 0.35 1
63.5 0.35 1
64.5 0.35 1
113.7 0.35 1
114.7 0.35 1
115.7 0.35 1
116.7 0.35 1
117.8 0.35 1
118.8 0.35 1
119.8 0.35 1
120.8 0.35 1
121.8 0.35 1
122.8 0.35 1
123.9 0.35 1
124.9 0.35 1
125.9 0.35 1
126.9 0.35 1
127.9 0.35 1
129.0 0.35 1
194.9 0.35 1
195.9 0.35 1
196.9 0.35 1
197.9 0.35 1
199.0 0.35 1
200.0 0.35 1
201.0 0.35 1
202.0 0.35 1
203.0 0.35 1
204.1 0.35 1
205.1 0.35 1
206.1 0.35 1
207.1 0.35 1
208.1 0.35 1
209.1 0.35 1
210.2 0.35 1
259.3 0.35 1
260.3 0.35 1
261.3 0.35 1
262.3 0.35 1
263.4 0.35 1
264.4 0.35 1
265.4 0.35 1
266.4 0.35 1
267.4 0.35 1
268.4 0.35 1
269.5 0.35 1
270.5 0.35 1
271.5 0.35 1
272.5 0.35 1
273.5 0.35 1
274.6 0.35 1
373.3 0.35 1
374.3 0.35 1
375.3 0.35 1
376.3 0.35 1
377.3 0.35 1
378.4 0.35 1
379.4 0.35 1
380.4 0.35 1
381.4 0.35 1
382.4 0.35 1
383.5 0.35 1
384.5 0.35 1
385.5 0.35 1
386.5 0.35 1
387.5 0.35 1
388.6 0.35 1
404.9 0.35 1
406.0 0.35 1
407.0 0.35 1
408.0 0.35 1
409.0 0.35 1
410.0 0.35 1
411.1 0.35 1
412.1 0.35 1
413.1 0.35 1
414.1 0.35 1
415.1 0.35 1
416.1 0.35 1
417.2 0.35 1
418.2 0.35 1
419.2 0.35 1
420.2 0.35 1
