32.8 0.35 1
33.8 0.35 1
34.9 0.35 1
35.9 0.35 1
36.9 0.35 1
38.0 0.35 1
39.0 0.35 1
40.0 0.35 1
41.0 0.35 1
42.1 0.35 1
43.1 0.35 1
44.1 0.35 1
45.2 0.35 1
46.2 0.35 1
47.2 0.35 1
48.2 0.35 1
81.0 0.35 1
82.0 0.35 1
83.1 0.35 1
84.1 0.35 1
85.1 0.35 1
86.1 0.35 1
87.2 0.35 1
88.2 0.35 1
89.2 0.35 1
90.2 0.35 1
91.3 0.35 1
92.3 0.35 1
93.3 0.35 1
94.4 0.35 1
95.4 0.35 1
96.4 0.35 1
211.0 0.35 1
212.0 0.35 1
213.0 0.35 1
214.1 0.35 1
215.1 0.35 1
216.1 0.35 1
217.1 0.35 1
218.2 0.35 1
219.2 0.35 1
220.2 0.35 1
221.2 0.35 1
222.3 0.35 1
223.3 0.35 1
224.3 0.35 1
225.3 0.35 1
226.4 0.35 1
275.4 0.35 1
276.4 0.35 1
277.4 0.35 1
278.5 0.35 1
279.5 0.35 1
280.5 0.35 1
281.5 0.35 1
282.6 0.35 1
283.6 0.35 1
284.6 0.35 1
285.6 0.35 1
286.7 0.35 1
287.7 0.35 1
288.7 0.35 1
289.8 0.35 1
290.8 0.35 1
324.0 0.35 1
325.0 0.35 1
326.0 0.35 1
327.1 0.35 1
328.1 0.35 1
329.1 0.35 1
330.1 0.35 1
331.2 0.35 1
332.2 0.35 1
333.2 0.35 1
334.3 0.35 1
335.3 0.35 1
336.3 0.35 1
337.3 0.35 1
338.4 0.35 1
339.4 0.35 1
421.2 0.35 1
422.2 0.35 1
423.2 0.35 1
424.3 0.35 1
425.3 0.35 1
426.3 0.35 1
427.3 0.35 1
428.4 0.35 1
429.4 0.35 1
430.4 0.35 1
431.4 0.35 1
432.5 0.35 1
433.5 0.35 1
434.5 0.35 1
435.6 0.35 1
436.6 0.35 1
