0.0 0.35 1
1.0 0.35 1
2.0 0.35 1
3.1 0.35 1
4.1 0.35 1
5.1 0.35 1
6.1 0.35 1
7.1 0.35 1
8.1 0.35 1
9.1 0.35 1
10.1 0.35 1
11.1 0.35 1
12.1 0.35 1
13.1 0.35 1
14.1 0.35 1
15.1 0.35 1
98.7 0.35 1
99.7 0.35 1
100.7 0.35 1
101.7 0.35 1
102.7 0.35 1
103.8 0.35 1
104.8 0.35 1
105.8 0.35 1
106.8 0.35 1
107.8 0.35 1
108.8 0.35 1
109.8 0.35 1
110.8 0.35 1
111.8 0.35 1
112.8 0.35 1
113.8 0.35 1
212.2 0.35 1
213.2 0.35 1
214.2 0.35 1
215.2 0.35 1
216.2 0.35 1
217.3 0.35 1
218.3 0.35 1
219.3 0.35 1
220.3 0.35 1
221.3 0.35 1
222.3 0.35 1
223.3 0.35 1
224.3 0.35 1
225.3 0.35 1
226.3 0.35 1
227.3 0.35 1
275.7 0.35 1
276.7 0.35 1
277.7 0.35 1
278.7 0.35 1
279.7 0.35 1
280.7 0.35 1
281.7 0.35 1
282.7 0.35 1
283.7 0.35 1
284.7 0.35 1
285.7 0.35 1
286.7 0.35 1
287.7 0.35 1
288.7 0.35 1
289.8 0.35 1
290.8 0.35 1
324.0 0.35 1
325.0 0.35 1
326.0 0.35 1
327.0 0.35 1
328.0 0.35 1
329.0 0.35 1
330.0 0.35 1
331.0 0.35 1
332.0 0.35 1
333.0 0.35 1
334.0 0.35 1
335.0 0.35 1
336.1 0.35 1
337.1 0.35 1
338.1 0.35 1
339.1 0.35 1
421.6 0.35 1
422.6 0.35 1
423.6 0.35 1
424.6 0.35 1
425.6 0.35 1
426.6 0.35 1
427.6 0.35 1
428.6 0.35 1
429.6 0.35 1
430.6 0.35 1
431.6 0.35 1
432.6 0.35 1
433.6 0.35 1
434.6 0.35 1
435.6 0.35 1
436.6 0.35 1
