50.9 0.35 1
51.9 0.35 1
52.9 0.35 1
53.9 0.35 1
54.9 0.35 1
56.0 0.35 1
57.0 0.35 1
58.0 0.35 1
59.0 0.35 1
60.0 0.35 1
61.1 0.35 1
62.1 0.35 1
63.1 0.35 1
64.1 0.35 1
65.1 0.35 1
66.2 0.35 1
118.0 0.35 1
119.1 0.35 1
120.1 0.35 1
121.1 0.35 1
122.1 0.35 1
123.1 0.35 1
124.2 0.35 1
125.2 0.35 1
126.2 0.35 1
127.2 0.35 1
128.2 0.35 1
129.3 0.35 1
130.3 0.35 1
131.3 0.35 1
132.3 0.35 1
133.3 0.35 1
197.9 0.35 1
198.9 0.35 1
199.9 0.35 1
201.0 0.35 1
202.0 0.35 1
203.0 0.35 1
204.0 0.35 1
205.0 0.35 1
206.1 0.35 1
207.1 0.35 1
208.1 0.35 1
209.1 0.35 1
210.1 0.35 1
211.2 0.35 1
212.2 0.35 1
213.2 0.35 1
262.3 0.35 1
263.3 0.35 1
264.3 0.35 1
265.4 0.35 1
266.4 0.35 1
267.4 0.35 1
268.4 0.35 1
269.4 0.35 1
270.5 0.35 1
271.5 0.35 1
272.5 0.35 1
273.5 0.35 1
274.5 0.35 1
275.6 0.35 1
276.6 0.35 1
277.6 0.35 1
380.5 0.35 1
381.5 0.35 1
382.6 0.35 1
383.6 0.35 1
384.6 0.35 1
385.6 0.35 1
386.6 0.35 1
387.7 0.35 1
388.7 0.35 1
389.7 0.35 1
390.7 0.35 1
391.7 0.35 1
392.8 0.35 1
393.8 0.35 1
394.8 0.35 1
395.8 0.35 1
411.0 0.35 1
412.0 0.35 1
413.0 0.35 1
414.1 0.35 1
415.1 0.35 1
416.1 0.35 1
417.1 0.35 1
418.1 0.35 1
419.2 0.35 1
420.2 0.35 1
421.2 0.35 1
422.2 0.35 1
423.2 0.35 1
424.3 0.35 1
425.3 0.35 1
426.3 0.35 1
