32.7 0.35 1
33.8 0.35 1
34.9 0.35 1
36.0 0.35 1
37.1 0.35 1
38.2 0.35 1
39.3 0.35 1
40.4 0.35 1
41.5 0.35 1
42.6 0.35 1
43.6 0.35 1
44.7 0.35 1
45.8 0.35 1
46.9 0.35 1
47.9 0.35 1
49.1 0.35 1
84.1 0.35 1
85.2 0.35 1
86.3 0.35 1
87.4 0.35 1
88.5 0.35 1
89.5 0.35 1
90.6 0.35 1
91.8 0.35 1
92.9 0.35 1
94.0 0.35 1
95.1 0.35 1
96.2 0.35 1
97.3 0.35 1
98.4 0.35 1
99.5 0.35 1
100.6 0.35 1
181.8 0.35 1
182.9 0.35 1
184.0 0.35 1
185.1 0.35 1
186.3 0.35 1
187.5 0.35 1
188.5 0.35 1
189.6 0.35 1
190.6 0.35 1
191.7 0.35 1
192.8 0.35 1
193.9 0.35 1
194.9 0.35 1
196.0 0.35 1
197.1 0.35 1
198.1 0.35 1
295.7 0.35 1
296.9 0.35 1
298.0 0.35 1
299.1 0.35 1
300.1 0.35 1
301.2 0.35 1
302.3 0.35 1
303.3 0.35 1
304.4 0.35 1
305.4 0.35 1
306.6 0.35 1
307.7 0.35 1
308.8 0.35 1
309.9 0.35 1
311.0 0.35 1
312.1 0.35 1
346.2 0.35 1
347.4 0.35 1
348.5 0.35 1
349.6 0.35 1
350.8 0.35 1
351.8 0.35 1
353.0 0.35 1
354.0 0.35 1
355.1 0.35 1
356.2 0.35 1
357.3 0.35 1
358.4 0.35 1
359.5 0.35 1
360.6 0.35 1
361.7 0.35 1
362.9 0.35 1
463.6 0.35 1
464.7 0.35 1
465.8 0.35 1
466.9 0.35 1
468.0 0.35 1
469.2 0.35 1
470.2 0.35 1
471.3 0.35 1
472.4 0.35 1
473.6 0.35 1
474.7 0.35 1
475.9 0.35 1
477.0 0.35 1
478.0 0.35 1
479.2 0.35 1
480.3 0.35 1
