33.5 0.35 1
34.5 0.35 1
35.6 0.35 1
36.7 0.35 1
37.9 0.35 1
39.0 0.35 1
40.1 0.35 1
41.2 0.35 1
42.2 0.35 1
43.2 0.35 1
44.4 0.35 1
45.4 0.35 1
46.5 0.35 1
47.6 0.35 1
48.6 0.35 1
49.8 0.35 1
81.1 0.35 1
82.2 0.35 1
83.3 0.35 1
84.5 0.35 1
85.5 0.35 1
86.7 0.35 1
87.8 0.35 1
88.9 0.35 1
90.0 0.35 1
91.1 0.35 1
92.2 0.35 1
93.4 0.35 1
94.4 0.35 1
95.5 0.35 1
96.6 0.35 1
97.7 0.35 1
210.9 0.35 1
212.0 0.35 1
213.2 0.35 1
214.2 0.35 1
215.3 0.35 1
216.3 0.35 1
217.4 0.35 1
218.5 0.35 1
219.6 0.35 1
220.7 0.35 1
221.7 0.35 1
222.8 0.35 1
223.8 0.35 1
224.9 0.35 1
226.0 0.35 1
227.0 0.35 1
275.3 0.35 1
276.4 0.35 1
277.5 0.35 1
278.6 0.35 1
279.7 0.35 1
280.8 0.35 1
281.8 0.35 1
282.9 0.35 1
284.0 0.35 1
285.1 0.35 1
286.2 0.35 1
287.3 0.35 1
288.4 0.35 1
289.6 0.35 1
290.7 0.35 1
291.9 0.35 1
327.1 0.35 1
328.2 0.35 1
329.3 0.35 1
330.4 0.35 1
331.5 0.35 1
332.6 0.35 1
333.8 0.35 1
334.8 0.35 1
335.9 0.35 1
337.1 0.35 1
338.2 0.35 1
339.3 0.35 1
340.4 0.35 1
341.5 0.35 1
342.6 0.35 1
343.7 0.35 1
427.2 0.35 1
428.4 0.35 1
429.5 0.35 1
430.6 0.35 1
431.8 0.35 1
432.8 0.35 1
433.9 0.35 1
434.9 0.35 1
436.1 0.35 1
437.2 0.35 1
438.4 0.35 1
439.6 0.35 1
440.6 0.35 1
441.7 0.35 1
442.8 0.35 1
443.9 0.35 1
