0.0 0.35 1
1.0 0.35 1
2.1 0.35 1
3.1 0.35 1
4.1 0.35 1
5.1 0.35 1
6.1 0.35 1
7.1 0.35 1
8.1 0.35 1
9.1 0.35 1
10.1 0.35 1
11.1 0.35 1
12.1 0.35 1
13.1 0.35 1
14.1 0.35 1
15.1 0.35 1
101.7 0.35 1
102.7 0.35 1
103.7 0.35 1
104.7 0.35 1
105.7 0.35 1
106.7 0.35 1
107.7 0.35 1
108.7 0.35 1
109.8 0.35 1
110.8 0.35 1
111.8 0.35 1
112.8 0.35 1
113.8 0.35 1
114.8 0.35 1
115.8 0.35 1
116.8 0.35 1
215.2 0.35 1
216.2 0.35 1
217.3 0.35 1
218.3 0.35 1
219.3 0.35 1
220.3 0.35 1
221.3 0.35 1
222.3 0.35 1
223.3 0.35 1
224.3 0.35 1
225.3 0.35 1
226.3 0.35 1
227.3 0.35 1
228.3 0.35 1
229.3 0.35 1
230.3 0.35 1
279.3 0.35 1
280.3 0.35 1
281.3 0.35 1
282.3 0.35 1
283.3 0.35 1
284.4 0.35 1
285.4 0.35 1
286.4 0.35 1
287.4 0.35 1
288.4 0.35 1
289.4 0.35 1
290.4 0.35 1
291.4 0.35 1
292.4 0.35 1
293.4 0.35 1
294.4 0.35 1
330.0 0.35 1
331.0 0.35 1
332.0 0.35 1
333.0 0.35 1
334.0 0.35 1
335.0 0.35 1
336.0 0.35 1
337.0 0.35 1
338.0 0.35 1
339.0 0.35 1
340.0 0.35 1
341.0 0.35 1
342.1 0.35 1
343.1 0.35 1
344.1 0.35 1
345.1 0.35 1
431.0 0.35 1
432.0 0.35 1
433.0 0.35 1
434.0 0.35 1
435.0 0.35 1
436.1 0.35 1
437.1 0.35 1
438.1 0.35 1
439.1 0.35 1
440.1 0.35 1
441.1 0.35 1
442.1 0.35 1
443.1 0.35 1
444.1 0.35 1
445.1 0.35 1
446.1 0.35 1
