32.8 0.35 1
33.9 0.35 1
35.0 0.35 1
36.0 0.35 1
37.1 0.35 1
38.3 0.35 1
39.4 0.35 1
40.5 0.35 1
41.6 0.35 1
42.8 0.35 1
43.9 0.35 1
44.9 0.35 1
46.1 0.35 1
47.3 0.35 1
48.4 0.35 1
49.5 0.35 1
84.2 0.35 1
85.3 0.35 1
86.4 0.35 1
87.5 0.35 1
88.6 0.35 1
89.6 0.35 1
90.8 0.35 1
91.9 0.35 1
93.0 0.35 1
94.2 0.35 1
95.3 0.35 1
96.4 0.35 1
97.5 0.35 1
98.6 0.35 1
99.6 0.35 1
100.7 0.35 1
181.6 0.35 1
182.7 0.35 1
183.8 0.35 1
184.9 0.35 1
186.1 0.35 1
187.1 0.35 1
188.2 0.35 1
189.3 0.35 1
190.4 0.35 1
191.5 0.35 1
192.6 0.35 1
193.7 0.35 1
194.7 0.35 1
195.9 0.35 1
197.0 0.35 1
198.1 0.35 1
295.3 0.35 1
296.4 0.35 1
297.6 0.35 1
298.7 0.35 1
299.7 0.35 1
300.7 0.35 1
301.9 0.35 1
303.0 0.35 1
304.1 0.35 1
305.1 0.35 1
306.3 0.35 1
307.5 0.35 1
308.5 0.35 1
309.7 0.35 1
310.8 0.35 1
311.9 0.35 1
343.4 0.35 1
344.5 0.35 1
345.6 0.35 1
346.7 0.35 1
347.8 0.35 1
349.0 0.35 1
350.1 0.35 1
351.1 0.35 1
352.2 0.35 1
353.3 0.35 1
354.5 0.35 1
355.5 0.35 1
356.7 0.35 1
357.8 0.35 1
358.9 0.35 1
360.1 0.35 1
457.4 0.35 1
458.5 0.35 1
459.6 0.35 1
460.7 0.35 1
461.9 0.35 1
463.0 0.35 1
464.1 0.35 1
465.2 0.35 1
466.3 0.35 1
467.4 0.35 1
468.5 0.35 1
469.7 0.35 1
470.8 0.35 1
471.8 0.35 1
473.0 0.35 1
474.1 0.35 1
