0.0 0.35 1
1.1 0.35 1
2.1 0.35 1
3.1 0.35 1
4.1 0.35 1
5.1 0.35 1
6.1 0.35 1
7.1 0.35 1
8.1 0.35 1
9.1 0.35 1
10.1 0.35 1
11.2 0.35 1
12.2 0.35 1
13.2 0.35 1
14.2 0.35 1
15.2 0.35 1
101.8 0.35 1
102.8 0.35 1
103.8 0.35 1
104.8 0.35 1
105.8 0.35 1
106.8 0.35 1
107.8 0.35 1
108.8 0.35 1
109.8 0.35 1
110.8 0.35 1
111.8 0.35 1
112.8 0.35 1
113.8 0.35 1
114.8 0.35 1
115.9 0.35 1
116.9 0.35 1
215.4 0.35 1
216.4 0.35 1
217.4 0.35 1
218.4 0.35 1
219.4 0.35 1
220.4 0.35 1
221.4 0.35 1
222.4 0.35 1
223.5 0.35 1
224.5 0.35 1
225.5 0.35 1
226.5 0.35 1
227.5 0.35 1
228.5 0.35 1
229.5 0.35 1
230.5 0.35 1
279.5 0.35 1
280.5 0.35 1
281.5 0.35 1
282.5 0.35 1
283.5 0.35 1
284.5 0.35 1
285.5 0.35 1
286.5 0.35 1
287.5 0.35 1
288.5 0.35 1
289.5 0.35 1
290.5 0.35 1
291.5 0.35 1
292.5 0.35 1
293.5 0.35 1
294.6 0.35 1
330.0 0.35 1
331.0 0.35 1
332.0 0.35 1
333.0 0.35 1
334.0 0.35 1
335.0 0.35 1
336.0 0.35 1
337.0 0.35 1
338.0 0.35 1
339.0 0.35 1
340.0 0.35 1
341.0 0.35 1
342.1 0.35 1
343.1 0.35 1
344.1 0.35 1
345.1 0.35 1
431.1 0.35 1
432.1 0.35 1
433.1 0.35 1
434.1 0.35 1
435.1 0.35 1
436.1 0.35 1
437.1 0.35 1
438.1 0.35 1
439.1 0.35 1
440.1 0.35 1
441.1 0.35 1
442.1 0.35 1
443.2 0.35 1
444.2 0.35 1
445.2 0.35 1
446.2 0.35 1
