0.0 0.35 1
1.0 0.35 1
2.0 0.35 1
3.1 0.35 1
4.1 0.35 1
5.1 0.35 1
6.1 0.35 1
7.1 0.35 1
8.2 0.35 1
9.2 0.35 1
10.2 0.35 1
11.2 0.35 1
12.2 0.35 1
13.3 0.35 1
14.3 0.35 1
15.3 0.35 1
101.9 0.35 1
102.9 0.35 1
104.0 0.35 1
105.0 0.35 1
106.0 0.35 1
107.0 0.35 1
108.0 0.35 1
109.0 0.35 1
110.1 0.35 1
111.1 0.35 1
112.1 0.35 1
113.1 0.35 1
114.1 0.35 1
115.2 0.35 1
116.2 0.35 1
117.2 0.35 1
219.2 0.35 1
220.2 0.35 1
221.2 0.35 1
222.2 0.35 1
223.2 0.35 1
224.3 0.35 1
225.3 0.35 1
226.3 0.35 1
227.3 0.35 1
228.3 0.35 1
229.4 0.35 1
230.4 0.35 1
231.4 0.35 1
232.4 0.35 1
233.4 0.35 1
234.5 0.35 1
285.8 0.35 1
286.8 0.35 1
287.8 0.35 1
288.8 0.35 1
289.9 0.35 1
290.9 0.35 1
291.9 0.35 1
292.9 0.35 1
293.9 0.35 1
295.0 0.35 1
296.0 0.35 1
297.0 0.35 1
298.0 0.35 1
299.0 0.35 1
300.0 0.35 1
301.1 0.35 1
336.0 0.35 1
337.0 0.35 1
338.0 0.35 1
339.0 0.35 1
340.0 0.35 1
341.1 0.35 1
342.1 0.35 1
343.1 0.35 1
344.1 0.35 1
345.1 0.35 1
346.2 0.35 1
347.2 0.35 1
348.2 0.35 1
349.2 0.35 1
350.2 0.35 1
351.3 0.35 1
437.0 0.35 1
438.0 0.35 1
439.1 0.35 1
440.1 0.35 1
441.1 0.35 1
442.1 0.35 1
443.1 0.35 1
444.2 0.35 1
445.2 0.35 1
446.2 0.35 1
447.2 0.35 1
448.2 0.35 1
449.3 0.35 1
450.3 0.35 1
451.3 0.35 1
452.3 0.35 1
