16.6 0.35 1
17.7 0.35 1
18.8 0.35 1
19.9 0.35 1
21.0 0.35 1
22.1 0.35 1
23.2 0.35 1
24.2 0.35 1
25.3 0.35 1
26.3 0.35 1
27.3 0.35 1
28.4 0.35 1
29.5 0.35 1
30.5 0.35 1
31.6 0.35 1
32.6 0.35 1
134.4 0.35 1
135.4 0.35 1
136.5 0.35 1
137.6 0.35 1
138.6 0.35 1
139.8 0.35 1
140.8 0.35 1
141.9 0.35 1
143.0 0.35 1
144.0 0.35 1
145.1 0.35 1
146.2 0.35 1
147.3 0.35 1
148.4 0.35 1
149.4 0.35 1
150.5 0.35 1
168.1 0.35 1
169.2 0.35 1
170.3 0.35 1
171.4 0.35 1
172.5 0.35 1
173.5 0.35 1
174.5 0.35 1
175.6 0.35 1
176.6 0.35 1
177.7 0.35 1
178.7 0.35 1
179.7 0.35 1
180.8 0.35 1
182.6 0.35 1
183.8 0.35 1
184.9 0.35 1
302.5 0.35 1
303.6 0.35 1
304.7 0.35 1
305.8 0.35 1
306.8 0.35 1
307.9 0.35 1
309.0 0.35 1
310.1 0.35 1
311.1 0.35 1
312.2 0.35 1
313.3 0.35 1
314.5 0.35 1
315.5 0.35 1
316.6 0.35 1
317.7 0.35 1
318.8 0.35 1
353.9 0.35 1
355.0 0.35 1
356.1 0.35 1
357.2 0.35 1
358.2 0.35 1
359.3 0.35 1
360.4 0.35 1
361.5 0.35 1
362.6 0.35 1
363.7 0.35 1
364.8 0.35 1
365.8 0.35 1
367.0 0.35 1
368.1 0.35 1
369.1 0.35 1
370.2 0.35 1
454.0 0.35 1
455.0 0.35 1
456.1 0.35 1
457.1 0.35 1
458.3 0.35 1
459.4 0.35 1
460.4 0.35 1
461.5 0.35 1
462.6 0.35 1
463.7 0.35 1
464.8 0.35 1
465.8 0.35 1
466.9 0.35 1
468.0 0.35 1
469.0 0.35 1
470.1 0.35 1
