49.0 0.35 1
50.1 0.35 1
51.1 0.35 1
52.2 0.35 1
53.2 0.35 1
54.2 0.35 1
55.3 0.35 1
56.3 0.35 1
57.3 0.35 1
58.4 0.35 1
59.4 0.35 1
60.4 0.35 1
61.5 0.35 1
62.5 0.35 1
63.6 0.35 1
64.6 0.35 1
115.1 0.35 1
116.2 0.35 1
117.3 0.35 1
118.3 0.35 1
119.3 0.35 1
120.4 0.35 1
121.5 0.35 1
122.6 0.35 1
123.7 0.35 1
124.8 0.35 1
125.9 0.35 1
126.9 0.35 1
128.0 0.35 1
129.1 0.35 1
130.1 0.35 1
131.2 0.35 1
165.1 0.35 1
166.1 0.35 1
167.2 0.35 1
168.3 0.35 1
169.3 0.35 1
170.3 0.35 1
171.4 0.35 1
172.4 0.35 1
173.4 0.35 1
174.5 0.35 1
175.5 0.35 1
176.5 0.35 1
177.6 0.35 1
178.6 0.35 1
179.7 0.35 1
180.9 0.35 1
262.4 0.35 1
263.6 0.35 1
264.7 0.35 1
265.8 0.35 1
266.8 0.35 1
268.0 0.35 1
269.0 0.35 1
270.1 0.35 1
271.2 0.35 1
272.2 0.35 1
273.4 0.35 1
274.5 0.35 1
275.6 0.35 1
276.7 0.35 1
277.8 0.35 1
278.9 0.35 1
380.5 0.35 1
381.6 0.35 1
382.8 0.35 1
383.8 0.35 1
385.0 0.35 1
386.0 0.35 1
387.2 0.35 1
388.2 0.35 1
389.3 0.35 1
390.4 0.35 1
391.5 0.35 1
392.5 0.35 1
393.6 0.35 1
394.7 0.35 1
395.8 0.35 1
396.9 0.35 1
414.0 0.35 1
415.0 0.35 1
416.1 0.35 1
417.1 0.35 1
418.2 0.35 1
419.3 0.35 1
420.3 0.35 1
421.4 0.35 1
422.5 0.35 1
423.6 0.35 1
424.6 0.35 1
425.7 0.35 1
426.8 0.35 1
427.9 0.35 1
428.9 0.35 1
430.0 0.35 1
