0.0 0.35 1
1.1 0.35 1
2.1 0.35 1
3.1 0.35 1
4.1 0.35 1
5.1 0.35 1
6.2 0.35 1
7.2 0.35 1
8.2 0.35 1
9.2 0.35 1
10.2 0.35 1
11.2 0.35 1
12.3 0.35 1
13.3 0.35 1
14.3 0.35 1
15.3 0.35 1
101.6 0.35 1
102.7 0.35 1
103.7 0.35 1
104.7 0.35 1
105.7 0.35 1
106.7 0.35 1
107.8 0.35 1
108.8 0.35 1
109.8 0.35 1
110.8 0.35 1
111.8 0.35 1
112.9 0.35 1
113.9 0.35 1
114.9 0.35 1
115.9 0.35 1
116.9 0.35 1
185.1 0.35 1
186.1 0.35 1
187.1 0.35 1
188.1 0.35 1
189.1 0.35 1
190.2 0.35 1
191.2 0.35 1
192.2 0.35 1
193.2 0.35 1
194.2 0.35 1
195.3 0.35 1
196.3 0.35 1
197.3 0.35 1
198.3 0.35 1
199.3 0.35 1
200.4 0.35 1
252.0 0.35 1
253.0 0.35 1
254.0 0.35 1
255.0 0.35 1
256.1 0.35 1
257.1 0.35 1
258.1 0.35 1
259.1 0.35 1
260.1 0.35 1
261.2 0.35 1
262.2 0.35 1
263.2 0.35 1
264.2 0.35 1
265.2 0.35 1
266.3 0.35 1
267.3 0.35 1
371.3 0.35 1
372.4 0.35 1
373.4 0.35 1
374.4 0.35 1
375.4 0.35 1
376.4 0.35 1
377.5 0.35 1
378.5 0.35 1
379.5 0.35 1
380.5 0.35 1
381.5 0.35 1
382.5 0.35 1
383.6 0.35 1
384.6 0.35 1
385.6 0.35 1
386.6 0.35 1
471.4 0.35 1
472.4 0.35 1
473.4 0.35 1
474.5 0.35 1
475.5 0.35 1
476.5 0.35 1
477.5 0.35 1
478.5 0.35 1
479.6 0.35 1
480.6 0.35 1
481.6 0.35 1
482.6 0.35 1
483.6 0.35 1
484.7 0.35 1
485.7 0.35 1
486.7 0.35 1
-75.1 0.35 1
-74.1 0.35 1
-73.1 0.35 1
-72.1 0.35 1
-71.1 0.35 1
-70.0 0.35 1
-69.0 0.35 1
-68.0 0.35 1
-67.0 0.35 1
-66.0 0.35 1
-65.0 0.35 1
-64.0 0.35 1
-63.0 0.35 1
-62.0 0.35 1
-60.9 0.35 1
-59.9 0.35 1
23.9 0.35 1
24.9 0.35 1
25.9 0.35 1
26.9 0.35 1
27.9 0.35 1
28.9 0.35 1
30.0 0.35 1
31.0 0.35 1
32.0 0.35 1
33.0 0.35 1
34.0 0.35 1
35.0 0.35 1
36.1 0.35 1
37.1 0.35 1
38.1 0.35 1
39.1 0.35 1
106.4 0.35 1
107.5 0.35 1
108.5 0.35 1
109.5 0.35 1
110.5 0.35 1
111.5 0.35 1
112.5 0.35 1
113.5 0.35 1
114.6 0.35 1
115.6 0.35 1
116.6 0.35 1
117.6 0.35 1
118.6 0.35 1
119.6 0.35 1
120.6 0.35 1
121.6 0.35 1
170.8 0.35 1
171.9 0.35 1
172.9 0.35 1
173.9 0.35 1
174.9 0.35 1
175.9 0.35 1
176.9 0.35 1
177.9 0.35 1
179.0 0.35 1
180.0 0.35 1
181.0 0.35 1
182.0 0.35 1
183.0 0.35 1
184.0 0.35 1
185.0 0.35 1
186.0 0.35 1
286.2 0.35 1
287.2 0.35 1
288.2 0.35 1
289.3 0.35 1
290.3 0.35 1
291.3 0.35 1
292.3 0.35 1
293.3 0.35 1
294.3 0.35 1
295.3 0.35 1
296.3 0.35 1
297.4 0.35 1
298.4 0.35 1
299.4 0.35 1
300.4 0.35 1
301.4 0.35 1
383.6 0.35 1
384.6 0.35 1
385.6 0.35 1
386.6 0.35 1
387.7 0.35 1
388.7 0.35 1
389.7 0.35 1
390.7 0.35 1
391.7 0.35 1
392.7 0.35 1
393.7 0.35 1
394.7 0.35 1
395.7 0.35 1
396.8 0.35 1
397.8 0.35 1
398.8 0.35 1
