34.0 0.35 1
35.0 0.35 1
36.2 0.35 1
37.3 0.35 1
38.4 0.35 1
39.6 0.35 1
40.7 0.35 1
41.9 0.35 1
42.9 0.35 1
44.0 0.35 1
45.1 0.35 1
46.2 0.35 1
47.4 0.35 1
48.5 0.35 1
49.6 0.35 1
50.8 0.35 1
84.1 0.35 1
85.2 0.35 1
86.3 0.35 1
87.5 0.35 1
88.5 0.35 1
89.7 0.35 1
90.8 0.35 1
91.9 0.35 1
93.0 0.35 1
94.1 0.35 1
95.2 0.35 1
96.3 0.35 1
97.3 0.35 1
98.4 0.35 1
99.5 0.35 1
100.6 0.35 1
217.8 0.35 1
218.9 0.35 1
219.9 0.35 1
221.0 0.35 1
222.1 0.35 1
223.2 0.35 1
224.4 0.35 1
225.4 0.35 1
226.6 0.35 1
227.7 0.35 1
228.7 0.35 1
229.9 0.35 1
231.0 0.35 1
232.1 0.35 1
233.2 0.35 1
234.2 0.35 1
284.7 0.35 1
285.8 0.35 1
287.0 0.35 1
288.2 0.35 1
289.3 0.35 1
290.4 0.35 1
291.4 0.35 1
292.5 0.35 1
293.6 0.35 1
294.8 0.35 1
295.8 0.35 1
296.9 0.35 1
298.0 0.35 1
299.1 0.35 1
300.2 0.35 1
301.3 0.35 1
336.1 0.35 1
337.2 0.35 1
338.4 0.35 1
339.5 0.35 1
340.7 0.35 1
341.9 0.35 1
342.9 0.35 1
344.0 0.35 1
345.0 0.35 1
346.2 0.35 1
347.3 0.35 1
348.4 0.35 1
349.5 0.35 1
350.7 0.35 1
351.8 0.35 1
352.9 0.35 1
436.4 0.35 1
437.6 0.35 1
438.7 0.35 1
439.8 0.35 1
440.9 0.35 1
442.0 0.35 1
443.1 0.35 1
444.1 0.35 1
445.3 0.35 1
446.5 0.35 1
447.6 0.35 1
448.8 0.35 1
449.8 0.35 1
451.0 0.35 1
452.1 0.35 1
453.3 0.35 1
