0.0 0.35 1
1.0 0.35 1
2.0 0.35 1
3.0 0.35 1
4.0 0.35 1
5.0 0.35 1
6.1 0.35 1
7.1 0.35 1
8.1 0.35 1
9.1 0.35 1
10.1 0.35 1
11.1 0.35 1
12.1 0.35 1
13.1 0.35 1
14.1 0.35 1
15.1 0.35 1
97.4 0.35 1
98.4 0.35 1
99.4 0.35 1
100.4 0.35 1
101.4 0.35 1
102.4 0.35 1
103.4 0.35 1
104.4 0.35 1
105.4 0.35 1
106.4 0.35 1
107.5 0.35 1
108.5 0.35 1
109.5 0.35 1
110.5 0.35 1
111.5 0.35 1
112.5 0.35 1
211.1 0.35 1
212.1 0.35 1
213.1 0.35 1
214.1 0.35 1
215.1 0.35 1
216.1 0.35 1
217.1 0.35 1
218.1 0.35 1
219.1 0.35 1
220.1 0.35 1
221.1 0.35 1
222.1 0.35 1
223.1 0.35 1
224.2 0.35 1
225.2 0.35 1
226.2 0.35 1
275.7 0.35 1
276.7 0.35 1
277.7 0.35 1
278.7 0.35 1
279.7 0.35 1
280.7 0.35 1
281.7 0.35 1
282.7 0.35 1
283.7 0.35 1
284.7 0.35 1
285.7 0.35 1
286.7 0.35 1
287.8 0.35 1
288.8 0.35 1
289.8 0.35 1
290.8 0.35 1
324.0 0.35 1
325.0 0.35 1
326.0 0.35 1
327.0 0.35 1
328.0 0.35 1
329.0 0.35 1
330.0 0.35 1
331.0 0.35 1
332.0 0.35 1
333.0 0.35 1
334.1 0.35 1
335.1 0.35 1
336.1 0.35 1
337.1 0.35 1
338.1 0.35 1
339.1 0.35 1
425.0 0.35 1
426.0 0.35 1
427.0 0.35 1
428.0 0.35 1
429.0 0.35 1
430.1 0.35 1
431.1 0.35 1
432.1 0.35 1
433.1 0.35 1
434.1 0.35 1
435.1 0.35 1
436.1 0.35 1
437.1 0.35 1
438.1 0.35 1
439.1 0.35 1
440.1 0.35 1
