32.9 0.35 1
34.0 0.35 1
35.1 0.35 1
36.2 0.35 1
37.3 0.35 1
38.4 0.35 1
39.6 0.35 1
40.7 0.35 1
41.8 0.35 1
42.9 0.35 1
44.1 0.35 1
45.1 0.35 1
46.3 0.35 1
47.5 0.35 1
48.6 0.35 1
49.7 0.35 1
84.1 0.35 1
85.2 0.35 1
86.4 0.35 1
87.5 0.35 1
88.5 0.35 1
89.6 0.35 1
90.7 0.35 1
91.9 0.35 1
93.0 0.35 1
94.2 0.35 1
95.3 0.35 1
96.4 0.35 1
97.5 0.35 1
98.7 0.35 1
99.7 0.35 1
100.9 0.35 1
185.0 0.35 1
186.2 0.35 1
187.3 0.35 1
188.5 0.35 1
189.6 0.35 1
190.8 0.35 1
191.8 0.35 1
192.9 0.35 1
194.0 0.35 1
195.1 0.35 1
196.3 0.35 1
197.4 0.35 1
198.5 0.35 1
199.6 0.35 1
200.7 0.35 1
201.8 0.35 1
302.2 0.35 1
303.3 0.35 1
304.5 0.35 1
305.6 0.35 1
306.7 0.35 1
307.7 0.35 1
308.9 0.35 1
310.0 0.35 1
311.2 0.35 1
312.2 0.35 1
313.4 0.35 1
314.6 0.35 1
315.7 0.35 1
316.8 0.35 1
317.9 0.35 1
319.1 0.35 1
352.4 0.35 1
353.6 0.35 1
354.7 0.35 1
355.8 0.35 1
357.0 0.35 1
358.1 0.35 1
359.2 0.35 1
360.2 0.35 1
361.4 0.35 1
362.4 0.35 1
363.6 0.35 1
364.6 0.35 1
365.7 0.35 1
366.9 0.35 1
368.1 0.35 1
369.2 0.35 1
469.8 0.35 1
470.9 0.35 1
472.0 0.35 1
473.1 0.35 1
474.2 0.35 1
475.4 0.35 1
476.4 0.35 1
477.6 0.35 1
478.6 0.35 1
479.8 0.35 1
481.0 0.35 1
482.1 0.35 1
483.2 0.35 1
484.2 0.35 1
485.3 0.35 1
486.4 0.35 1
