0.0 0.35 1
1.0 0.35 1
2.0 0.35 1
3.0 0.35 1
4.1 0.35 1
5.1 0.35 1
6.1 0.35 1
7.1 0.35 1
8.1 0.35 1
9.1 0.35 1
10.1 0.35 1
11.1 0.35 1
12.1 0.35 1
13.1 0.35 1
14.1 0.35 1
15.1 0.35 1
97.4 0.35 1
98.4 0.35 1
99.4 0.35 1
100.4 0.35 1
101.4 0.35 1
102.4 0.35 1
103.4 0.35 1
104.4 0.35 1
105.4 0.35 1
106.4 0.35 1
107.5 0.35 1
108.5 0.35 1
109.5 0.35 1
110.5 0.35 1
111.5 0.35 1
112.5 0.35 1
178.6 0.35 1
179.6 0.35 1
180.6 0.35 1
181.6 0.35 1
182.6 0.35 1
183.6 0.35 1
184.6 0.35 1
185.6 0.35 1
186.6 0.35 1
187.6 0.35 1
188.6 0.35 1
189.7 0.35 1
190.7 0.35 1
191.7 0.35 1
192.7 0.35 1
193.7 0.35 1
243.0 0.35 1
244.0 0.35 1
245.0 0.35 1
246.0 0.35 1
247.0 0.35 1
248.0 0.35 1
249.0 0.35 1
250.0 0.35 1
251.0 0.35 1
252.0 0.35 1
253.1 0.35 1
254.1 0.35 1
255.1 0.35 1
256.1 0.35 1
257.1 0.35 1
258.1 0.35 1
356.9 0.35 1
357.9 0.35 1
358.9 0.35 1
359.9 0.35 1
360.9 0.35 1
361.9 0.35 1
362.9 0.35 1
363.9 0.35 1
364.9 0.35 1
366.0 0.35 1
367.0 0.35 1
368.0 0.35 1
369.0 0.35 1
370.0 0.35 1
371.0 0.35 1
372.0 0.35 1
454.0 0.35 1
455.0 0.35 1
456.0 0.35 1
457.0 0.35 1
458.1 0.35 1
459.1 0.35 1
460.1 0.35 1
461.1 0.35 1
462.1 0.35 1
463.1 0.35 1
464.1 0.35 1
465.1 0.35 1
466.1 0.35 1
467.1 0.35 1
468.1 0.35 1
469.1 0.35 1
