16.3 0.35 1
17.3 0.35 1
18.3 0.35 1
19.4 0.35 1
20.4 0.35 1
21.4 0.35 1
22.5 0.35 1
23.5 0.35 1
24.6 0.35 1
25.6 0.35 1
26.6 0.35 1
27.7 0.35 1
28.7 0.35 1
29.7 0.35 1
30.8 0.35 1
31.8 0.35 1
131.3 0.35 1
132.4 0.35 1
133.4 0.35 1
134.4 0.35 1
135.5 0.35 1
136.5 0.35 1
137.6 0.35 1
138.6 0.35 1
139.6 0.35 1
140.7 0.35 1
141.7 0.35 1
142.7 0.35 1
143.8 0.35 1
144.8 0.35 1
145.8 0.35 1
146.9 0.35 1
162.0 0.35 1
163.0 0.35 1
164.1 0.35 1
165.1 0.35 1
166.2 0.35 1
167.2 0.35 1
168.2 0.35 1
169.3 0.35 1
170.3 0.35 1
171.3 0.35 1
172.4 0.35 1
173.4 0.35 1
174.4 0.35 1
175.5 0.35 1
176.5 0.35 1
177.6 0.35 1
293.1 0.35 1
294.2 0.35 1
295.2 0.35 1
296.2 0.35 1
297.3 0.35 1
298.3 0.35 1
299.3 0.35 1
300.4 0.35 1
301.4 0.35 1
302.5 0.35 1
303.5 0.35 1
304.5 0.35 1
305.6 0.35 1
306.6 0.35 1
307.6 0.35 1
308.7 0.35 1
341.6 0.35 1
342.7 0.35 1
343.7 0.35 1
344.8 0.35 1
345.8 0.35 1
346.8 0.35 1
347.9 0.35 1
348.9 0.35 1
349.9 0.35 1
351.0 0.35 1
352.0 0.35 1
353.0 0.35 1
354.1 0.35 1
355.1 0.35 1
356.2 0.35 1
357.2 0.35 1
439.0 0.35 1
440.0 0.35 1
441.1 0.35 1
442.1 0.35 1
443.1 0.35 1
444.2 0.35 1
445.2 0.35 1
446.3 0.35 1
447.3 0.35 1
448.3 0.35 1
449.4 0.35 1
450.4 0.35 1
451.4 0.35 1
452.5 0.35 1
453.5 0.35 1
454.5 0.35 1
