0.0 0.35 1
1.1 0.35 1
2.1 0.35 1
3.1 0.35 1
4.1 0.35 1
5.1 0.35 1
6.1 0.35 1
7.1 0.35 1
8.1 0.35 1
9.1 0.35 1
10.2 0.35 1
11.2 0.35 1
12.2 0.35 1
13.2 0.35 1
14.2 0.35 1
15.2 0.35 1
102.4 0.35 1
103.4 0.35 1
104.4 0.35 1
105.4 0.35 1
106.4 0.35 1
107.4 0.35 1
108.4 0.35 1
109.4 0.35 1
110.4 0.35 1
111.4 0.35 1
112.5 0.35 1
113.5 0.35 1
114.5 0.35 1
115.5 0.35 1
116.5 0.35 1
117.5 0.35 1
184.7 0.35 1
185.7 0.35 1
186.7 0.35 1
187.7 0.35 1
188.7 0.35 1
189.7 0.35 1
190.7 0.35 1
191.7 0.35 1
192.7 0.35 1
193.7 0.35 1
194.7 0.35 1
195.7 0.35 1
196.7 0.35 1
197.7 0.35 1
198.7 0.35 1
199.7 0.35 1
249.0 0.35 1
250.0 0.35 1
251.0 0.35 1
252.0 0.35 1
253.0 0.35 1
254.0 0.35 1
255.0 0.35 1
256.0 0.35 1
257.0 0.35 1
258.1 0.35 1
259.1 0.35 1
260.1 0.35 1
261.1 0.35 1
262.1 0.35 1
263.1 0.35 1
264.1 0.35 1
365.1 0.35 1
366.1 0.35 1
367.1 0.35 1
368.2 0.35 1
369.2 0.35 1
370.2 0.35 1
371.2 0.35 1
372.2 0.35 1
373.2 0.35 1
374.2 0.35 1
375.2 0.35 1
376.2 0.35 1
377.2 0.35 1
378.2 0.35 1
379.2 0.35 1
380.2 0.35 1
