33.6 0.35 1
34.6 0.35 1
35.7 0.35 1
36.8 0.35 1
38.0 0.35 1
39.1 0.35 1
40.3 0.35 1
41.3 0.35 1
42.4 0.35 1
43.4 0.35 1
44.5 0.35 1
45.6 0.35 1
46.6 0.35 1
47.8 0.35 1
48.9 0.35 1
50.0 0.35 1
84.1 0.35 1
85.2 0.35 1
86.3 0.35 1
87.4 0.35 1
88.4 0.35 1
89.6 0.35 1
90.7 0.35 1
91.8 0.35 1
92.9 0.35 1
94.0 0.35 1
95.1 0.35 1
96.3 0.35 1
97.4 0.35 1
98.5 0.35 1
99.5 0.35 1
100.6 0.35 1
213.9 0.35 1
215.0 0.35 1
216.1 0.35 1
217.2 0.35 1
218.2 0.35 1
219.3 0.35 1
220.3 0.35 1
221.4 0.35 1
222.5 0.35 1
223.6 0.35 1
224.6 0.35 1
225.7 0.35 1
226.8 0.35 1
227.8 0.35 1
228.9 0.35 1
230.0 0.35 1
278.3 0.35 1
279.4 0.35 1
280.6 0.35 1
281.6 0.35 1
282.8 0.35 1
283.8 0.35 1
284.9 0.35 1
286.0 0.35 1
287.1 0.35 1
288.2 0.35 1
289.2 0.35 1
290.3 0.35 1
291.4 0.35 1
292.6 0.35 1
293.7 0.35 1
294.8 0.35 1
330.1 0.35 1
331.2 0.35 1
332.3 0.35 1
333.4 0.35 1
334.6 0.35 1
335.7 0.35 1
336.9 0.35 1
337.9 0.35 1
339.0 0.35 1
340.1 0.35 1
341.2 0.35 1
342.4 0.35 1
343.4 0.35 1
344.6 0.35 1
345.7 0.35 1
346.7 0.35 1
430.2 0.35 1
431.4 0.35 1
432.5 0.35 1
433.6 0.35 1
434.7 0.35 1
435.9 0.35 1
437.0 0.35 1
438.0 0.35 1
439.1 0.35 1
440.2 0.35 1
441.3 0.35 1
442.4 0.35 1
443.5 0.35 1
444.6 0.35 1
445.7 0.35 1
446.8 0.35 1
