34.4 0.35 1
35.4 0.35 1
36.5 0.35 1
37.7 0.35 1
38.8 0.35 1
39.9 0.35 1
41.0 0.35 1
42.1 0.35 1
43.2 0.35 1
44.2 0.35 1
45.5 0.35 1
46.6 0.35 1
47.8 0.35 1
48.9 0.35 1
50.0 0.35 1
51.2 0.35 1
84.2 0.35 1
85.4 0.35 1
86.6 0.35 1
87.8 0.35 1
88.8 0.35 1
90.0 0.35 1
91.1 0.35 1
92.3 0.35 1
93.4 0.35 1
94.6 0.35 1
95.7 0.35 1
96.9 0.35 1
98.0 0.35 1
99.1 0.35 1
100.3 0.35 1
101.4 0.35 1
217.0 0.35 1
218.1 0.35 1
219.2 0.35 1
220.2 0.35 1
221.3 0.35 1
222.4 0.35 1
223.4 0.35 1
224.5 0.35 1
225.6 0.35 1
226.8 0.35 1
227.8 0.35 1
228.8 0.35 1
229.9 0.35 1
231.0 0.35 1
232.1 0.35 1
233.1 0.35 1
281.3 0.35 1
282.4 0.35 1
283.5 0.35 1
284.6 0.35 1
285.8 0.35 1
286.8 0.35 1
287.9 0.35 1
288.9 0.35 1
290.0 0.35 1
291.1 0.35 1
292.2 0.35 1
293.2 0.35 1
294.3 0.35 1
295.4 0.35 1
296.5 0.35 1
297.6 0.35 1
330.1 0.35 1
331.2 0.35 1
332.3 0.35 1
333.4 0.35 1
334.5 0.35 1
335.6 0.35 1
336.7 0.35 1
337.7 0.35 1
338.8 0.35 1
340.0 0.35 1
341.0 0.35 1
342.2 0.35 1
343.3 0.35 1
344.4 0.35 1
345.5 0.35 1
346.6 0.35 1
430.2 0.35 1
431.3 0.35 1
432.5 0.35 1
