16.2 0.35 1
17.2 0.35 1
18.2 0.35 1
19.2 0.35 1
20.2 0.35 1
21.2 0.35 1
22.2 0.35 1
23.2 0.35 1
24.2 0.35 1
25.2 0.35 1
26.2 0.35 1
27.3 0.35 1
28.3 0.35 1
29.3 0.35 1
30.3 0.35 1
31.3 0.35 1
134.4 0.35 1
135.4 0.35 1
136.4 0.35 1
137.4 0.35 1
138.4 0.35 1
139.5 0.35 1
140.5 0.35 1
141.5 0.35 1
142.5 0.35 1
143.5 0.35 1
144.5 0.35 1
145.5 0.35 1
146.5 0.35 1
147.5 0.35 1
148.5 0.35 1
149.5 0.35 1
199.1 0.35 1
200.1 0.35 1
201.2 0.35 1
202.2 0.35 1
203.2 0.35 1
204.2 0.35 1
205.2 0.35 1
206.2 0.35 1
207.2 0.35 1
208.2 0.35 1
209.2 0.35 1
210.2 0.35 1
211.2 0.35 1
212.2 0.35 1
213.3 0.35 1
214.3 0.35 1
246.0 0.35 1
247.0 0.35 1
248.0 0.35 1
249.0 0.35 1
250.0 0.35 1
251.0 0.35 1
252.0 0.35 1
253.0 0.35 1
254.0 0.35 1
255.1 0.35 1
256.1 0.35 1
257.1 0.35 1
258.1 0.35 1
259.1 0.35 1
260.1 0.35 1
261.1 0.35 1
363.9 0.35 1
364.9 0.35 1
365.9 0.35 1
366.9 0.35 1
367.9 0.35 1
368.9 0.35 1
369.9 0.35 1
370.9 0.35 1
372.0 0.35 1
373.0 0.35 1
374.0 0.35 1
375.0 0.35 1
376.0 0.35 1
377.0 0.35 1
378.0 0.35 1
379.0 0.35 1
447.3 0.35 1
448.4 0.35 1
449.4 0.35 1
450.4 0.35 1
451.4 0.35 1
452.4 0.35 1
453.4 0.35 1
454.4 0.35 1
455.4 0.35 1
456.4 0.35 1
457.4 0.35 1
458.4 0.35 1
459.5 0.35 1
460.5 0.35 1
461.5 0.35 1
462.5 0.35 1
