16.2 0.35 1
17.2 0.35 1
18.2 0.35 1
19.2 0.35 1
20.2 0.35 1
21.2 0.35 1
22.2 0.35 1
23.2 0.35 1
24.2 0.35 1
25.2 0.35 1
26.2 0.35 1
27.2 0.35 1
28.3 0.35 1
29.3 0.35 1
30.3 0.35 1
31.3 0.35 1
134.4 0.35 1
135.4 0.35 1
136.4 0.35 1
137.4 0.35 1
138.5 0.35 1
139.5 0.35 1
140.5 0.35 1
141.5 0.35 1
142.5 0.35 1
143.5 0.35 1
144.5 0.35 1
145.5 0.35 1
146.5 0.35 1
147.5 0.35 1
148.5 0.35 1
149.5 0.35 1
199.2 0.35 1
200.2 0.35 1
201.2 0.35 1
202.2 0.35 1
203.2 0.35 1
204.2 0.35 1
205.2 0.35 1
206.2 0.35 1
207.3 0.35 1
208.3 0.35 1
209.3 0.35 1
210.3 0.35 1
211.3 0.35 1
212.3 0.35 1
213.3 0.35 1
214.3 0.35 1
246.0 0.35 1
247.0 0.35 1
248.0 0.35 1
249.0 0.35 1
250.0 0.35 1
251.0 0.35 1
252.0 0.35 1
253.0 0.35 1
254.0 0.35 1
255.1 0.35 1
256.1 0.35 1
257.1 0.35 1
258.1 0.35 1
259.1 0.35 1
260.1 0.35 1
261.1 0.35 1
364.0 0.35 1
365.0 0.35 1
366.0 0.35 1
367.0 0.35 1
368.0 0.35 1
369.0 0.35 1
370.0 0.35 1
371.0 0.35 1
372.0 0.35 1
373.0 0.35 1
374.0 0.35 1
375.0 0.35 1
376.0 0.35 1
377.0 0.35 1
378.1 0.35 1
379.1 0.35 1
447.1 0.35 1
448.1 0.35 1
449.1 0.35 1
450.1 0.35 1
451.1 0.35 1
452.1 0.35 1
453.1 0.35 1
454.1 0.35 1
455.1 0.35 1
456.1 0.35 1
457.1 0.35 1
458.1 0.35 1
459.1 0.35 1
460.2 0.35 1
461.2 0.35 1
462.2 0.35 1
