16.8 0.35 1
17.9 0.35 1
18.9 0.35 1
20.1 0.35 1
21.2 0.35 1
22.2 0.35 1
23.3 0.35 1
24.4 0.35 1
25.4 0.35 1
26.4 0.35 1
27.5 0.35 1
28.6 0.35 1
29.7 0.35 1
30.8 0.35 1
31.8 0.35 1
32.9 0.35 1
134.3 0.35 1
135.4 0.35 1
136.4 0.35 1
137.5 0.35 1
138.5 0.35 1
139.7 0.35 1
140.8 0.35 1
141.8 0.35 1
142.9 0.35 1
144.0 0.35 1
145.1 0.35 1
146.2 0.35 1
147.3 0.35 1
148.3 0.35 1
149.4 0.35 1
150.5 0.35 1
168.1 0.35 1
169.2 0.35 1
170.2 0.35 1
171.4 0.35 1
172.4 0.35 1
173.4 0.35 1
174.5 0.35 1
175.5 0.35 1
176.5 0.35 1
177.6 0.35 1
178.6 0.35 1
179.7 0.35 1
180.7 0.35 1
181.7 0.35 1
182.9 0.35 1
184.0 0.35 1
302.6 0.35 1
303.7 0.35 1
304.8 0.35 1
305.9 0.35 1
307.0 0.35 1
308.1 0.35 1
309.1 0.35 1
310.2 0.35 1
311.3 0.35 1
312.3 0.35 1
313.5 0.35 1
314.6 0.35 1
315.7 0.35 1
316.8 0.35 1
317.9 0.35 1
319.0 0.35 1
353.8 0.35 1
355.0 0.35 1
356.1 0.35 1
357.2 0.35 1
358.3 0.35 1
359.4 0.35 1
360.5 0.35 1
361.5 0.35 1
362.6 0.35 1
363.7 0.35 1
364.9 0.35 1
365.9 0.35 1
367.0 0.35 1
368.1 0.35 1
369.2 0.35 1
370.3 0.35 1
454.3 0.35 1
455.3 0.35 1
456.4 0.35 1
457.4 0.35 1
458.5 0.35 1
459.6 0.35 1
460.7 0.35 1
461.8 0.35 1
462.9 0.35 1
464.0 0.35 1
465.2 0.35 1
466.2 0.35 1
467.3 0.35 1
468.3 0.35 1
469.3 0.35 1
470.4 0.35 1
-58.9 0.35 1
-57.8 0.35 1
-56.8 0.35 1
-55.7 0.35 1
-54.7 0.35 1
-53.7 0.35 1
-52.6 0.35 1
-51.6 0.35 1
-50.6 0.35 1
-49.5 0.35 1
-48.5 0.35 1
-47.5 0.35 1
-46.4 0.35 1
-45.4 0.35 1
-44.3 0.35 1
-43.3 0.35 1
56.3 0.35 1
57.4 0.35 1
58.4 0.35 1
59.5 0.35 1
60.5 0.35 1
61.5 0.35 1
62.6 0.35 1
63.6 0.35 1
64.6 0.35 1
65.7 0.35 1
66.7 0.35 1
67.7 0.35 1
68.8 0.35 1
69.8 0.35 1
70.9 0.35 1
71.9 0.35 1
89.9 0.35 1
90.9 0.35 1
92.0 0.35 1
93.0 0.35 1
94.0 0.35 1
95.1 0.35 1
96.1 0.35 1
97.1 0.35 1
98.2 0.35 1
99.2 0.35 1
100.2 0.35 1
101.3 0.35 1
102.3 0.35 1
103.4 0.35 1
104.4 0.35 1
105.4 0.35 1
221.2 0.35 1
222.2 0.35 1
223.3 0.35 1
224.3 0.35 1
225.3 0.35 1
226.4 0.35 1
227.4 0.35 1
228.5 0.35 1
229.5 0.35 1
230.5 0.35 1
231.6 0.35 1
232.6 0.35 1
233.6 0.35 1
234.7 0.35 1
235.7 0.35 1
236.7 0.35 1
269.7 0.35 1
270.7 0.35 1
271.7 0.35 1
272.8 0.35 1
273.8 0.35 1
274.8 0.35 1
275.9 0.35 1
276.9 0.35 1
278.0 0.35 1
279.0 0.35 1
280.0 0.35 1
281.1 0.35 1
282.1 0.35 1
283.1 0.35 1
284.2 0.35 1
285.2 0.35 1
367.0 0.35 1
368.1 0.35 1
369.1 0.35 1
370.1 0.35 1
371.2 0.35 1
372.2 0.35 1
373.3 0.35 1
374.3 0.35 1
375.3 0.35 1
376.4 0.35 1
377.4 0.35 1
378.4 0.35 1
379.5 0.35 1
380.5 0.35 1
381.5 0.35 1
382.6 0.35 1
