0.0 0.35 1
1.1 0.35 1
2.1 0.35 1
3.1 0.35 1
4.1 0.35 1
5.1 0.35 1
6.2 0.35 1
7.2 0.35 1
8.2 0.35 1
9.2 0.35 1
10.2 0.35 1
11.2 0.35 1
12.3 0.35 1
13.3 0.35 1
14.3 0.35 1
15.3 0.35 1
101.6 0.35 1
102.7 0.35 1
103.7 0.35 1
104.7 0.35 1
105.7 0.35 1
106.7 0.35 1
107.8 0.35 1
108.8 0.35 1
109.8 0.35 1
110.8 0.35 1
111.8 0.35 1
112.9 0.35 1
113.9 0.35 1
114.9 0.35 1
115.9 0.35 1
116.9 0.35 1
185.1 0.35 1
186.1 0.35 1
187.1 0.35 1
188.1 0.35 1
189.1 0.35 1
190.2 0.35 1
191.2 0.35 1
192.2 0.35 1
193.2 0.35 1
194.2 0.35 1
195.3 0.35 1
196.3 0.35 1
197.3 0.35 1
198.3 0.35 1
199.3 0.35 1
200.4 0.35 1
252.0 0.35 1
253.0 0.35 1
254.0 0.35 1
255.0 0.35 1
256.1 0.35 1
257.1 0.35 1
258.1 0.35 1
259.1 0.35 1
260.1 0.35 1
261.2 0.35 1
262.2 0.35 1
263.2 0.35 1
264.2 0.35 1
265.2 0.35 1
266.3 0.35 1
267.3 0.35 1
371.3 0.35 1
372.4 0.35 1
373.4 0.35 1
374.4 0.35 1
375.4 0.35 1
376.4 0.35 1
377.5 0.35 1
378.5 0.35 1
379.5 0.35 1
380.5 0.35 1
381.5 0.35 1
382.5 0.35 1
383.6 0.35 1
384.6 0.35 1
385.6 0.35 1
386.6 0.35 1
471.4 0.35 1
472.4 0.35 1
473.4 0.35 1
474.5 0.35 1
475.5 0.35 1
476.5 0.35 1
477.5 0.35 1
478.5 0.35 1
479.6 0.35 1
480.6 0.35 1
481.6 0.35 1
482.6 0.35 1
483.6 0.35 1
484.7 0.35 1
485.7 0.35 1
486.7 0.35 1
