16.3 0.35 1
17.3 0.35 1
18.4 0.35 1
19.4 0.35 1
20.4 0.35 1
21.4 0.35 1
22.4 0.35 1
23.5 0.35 1
24.5 0.35 1
25.5 0.35 1
26.5 0.35 1
27.5 0.35 1
28.6 0.35 1
29.6 0.35 1
30.6 0.35 1
31.6 0.35 1
134.9 0.35 1
135.9 0.35 1
136.9 0.35 1
137.9 0.35 1
138.9 0.35 1
140.0 0.35 1
141.0 0.35 1
142.0 0.35 1
143.0 0.35 1
144.0 0.35 1
145.1 0.35 1
146.1 0.35 1
147.1 0.35 1
148.1 0.35 1
149.1 0.35 1
150.2 0.35 1
202.4 0.35 1
203.4 0.35 1
204.4 0.35 1
205.4 0.35 1
206.4 0.35 1
207.5 0.35 1
208.5 0.35 1
209.5 0.35 1
210.5 0.35 1
211.5 0.35 1
212.6 0.35 1
213.6 0.35 1
214.6 0.35 1
215.6 0.35 1
216.6 0.35 1
217.7 0.35 1
252.0 0.35 1
253.0 0.35 1
254.0 0.35 1
255.0 0.35 1
256.1 0.35 1
257.1 0.35 1
258.1 0.35 1
259.1 0.35 1
260.1 0.35 1
261.2 0.35 1
262.2 0.35 1
263.2 0.35 1
264.2 0.35 1
265.2 0.35 1
266.3 0.35 1
267.3 0.35 1
370.2 0.35 1
371.3 0.35 1
372.3 0.35 1
373.3 0.35 1
374.3 0.35 1
375.3 0.35 1
376.4 0.35 1
377.4 0.35 1
378.4 0.35 1
379.4 0.35 1
380.4 0.35 1
381.5 0.35 1
382.5 0.35 1
383.5 0.35 1
384.5 0.35 1
385.5 0.35 1
452.9 0.35 1
453.9 0.35 1
454.9 0.35 1
455.9 0.35 1
457.0 0.35 1
458.0 0.35 1
459.0 0.35 1
460.0 0.35 1
461.0 0.35 1
462.1 0.35 1
463.1 0.35 1
464.1 0.35 1
465.1 0.35 1
466.1 0.35 1
467.2 0.35 1
468.2 0.35 1
352.0 0.35 1
353.0 0.35 1
354.0 0.35 1
355.0 0.35 1
356.0 0.35 1
357.0 0.35 1
358.0 0.35 1
359.0 0.35 1
360.0 0.35 1
361.0 0.35 1
362.0 0.35 1
363.1 0.35 1
364.1 0.35 1
365.1 0.35 1
366.1 0.35 1
367.1 0.35 1
470.3 0.35 1
471.3 0.35 1
472.3 0.35 1
473.3 0.35 1
474.4 0.35 1
475.4 0.35 1
476.4 0.35 1
477.4 0.35 1
478.4 0.35 1
479.4 0.35 1
480.4 0.35 1
481.4 0.35 1
482.4 0.35 1
483.4 0.35 1
484.4 0.35 1
485.5 0.35 1
534.9 0.35 1
535.9 0.35 1
536.9 0.35 1
537.9 0.35 1
538.9 0.35 1
539.9 0.35 1
540.9 0.35 1
541.9 0.35 1
542.9 0.35 1
543.9 0.35 1
545.0 0.35 1
546.0 0.35 1
547.0 0.35 1
548.0 0.35 1
549.0 0.35 1
550.0 0.35 1
581.7 0.35 1
582.7 0.35 1
583.7 0.35 1
584.7 0.35 1
585.7 0.35 1
586.7 0.35 1
587.7 0.35 1
588.8 0.35 1
589.8 0.35 1
590.8 0.35 1
591.8 0.35 1
592.8 0.35 1
593.8 0.35 1
594.8 0.35 1
595.8 0.35 1
596.8 0.35 1
699.8 0.35 1
700.8 0.35 1
701.8 0.35 1
702.8 0.35 1
703.8 0.35 1
704.8 0.35 1
705.8 0.35 1
706.8 0.35 1
707.8 0.35 1
708.8 0.35 1
709.8 0.35 1
710.8 0.35 1
711.9 0.35 1
712.9 0.35 1
713.9 0.35 1
714.9 0.35 1
782.8 0.35 1
783.8 0.35 1
784.8 0.35 1
785.8 0.35 1
786.8 0.35 1
787.8 0.35 1
788.8 0.35 1
789.8 0.35 1
790.8 0.35 1
791.8 0.35 1
792.8 0.35 1
793.8 0.35 1
794.9 0.35 1
795.9 0.35 1
796.9 0.35 1
797.9 0.35 1
