0.0 0.35 1
1.0 0.35 1
2.0 0.35 1
3.1 0.35 1
4.1 0.35 1
5.1 0.35 1
6.1 0.35 1
7.1 0.35 1
8.2 0.35 1
9.2 0.35 1
10.2 0.35 1
11.2 0.35 1
12.2 0.35 1
13.3 0.35 1
14.3 0.35 1
15.3 0.35 1
102.0 0.35 1
103.0 0.35 1
104.0 0.35 1
105.0 0.35 1
106.1 0.35 1
107.1 0.35 1
108.1 0.35 1
109.1 0.35 1
110.1 0.35 1
111.2 0.35 1
112.2 0.35 1
113.2 0.35 1
114.2 0.35 1
115.2 0.35 1
116.2 0.35 1
117.3 0.35 1
218.7 0.35 1
219.7 0.35 1
220.7 0.35 1
221.7 0.35 1
222.8 0.35 1
223.8 0.35 1
224.8 0.35 1
225.8 0.35 1
226.8 0.35 1
227.9 0.35 1
228.9 0.35 1
229.9 0.35 1
230.9 0.35 1
231.9 0.35 1
233.0 0.35 1
234.0 0.35 1
284.9 0.35 1
285.9 0.35 1
286.9 0.35 1
287.9 0.35 1
289.0 0.35 1
290.0 0.35 1
291.0 0.35 1
292.0 0.35 1
293.0 0.35 1
294.1 0.35 1
295.1 0.35 1
296.1 0.35 1
297.1 0.35 1
298.1 0.35 1
299.2 0.35 1
300.2 0.35 1
336.0 0.35 1
337.0 0.35 1
338.0 0.35 1
339.0 0.35 1
340.1 0.35 1
341.1 0.35 1
342.1 0.35 1
343.1 0.35 1
344.1 0.35 1
345.2 0.35 1
346.2 0.35 1
347.2 0.35 1
348.2 0.35 1
349.2 0.35 1
350.2 0.35 1
351.3 0.35 1
436.6 0.35 1
437.6 0.35 1
438.6 0.35 1
439.6 0.35 1
440.6 0.35 1
441.7 0.35 1
442.7 0.35 1
443.7 0.35 1
444.7 0.35 1
445.7 0.35 1
446.8 0.35 1
447.8 0.35 1
448.8 0.35 1
449.8 0.35 1
450.8 0.35 1
451.9 0.35 1
335.7 0.35 1
336.8 0.35 1
337.8 0.35 1
338.8 0.35 1
339.8 0.35 1
340.8 0.35 1
341.8 0.35 1
342.8 0.35 1
343.8 0.35 1
344.8 0.35 1
345.8 0.35 1
346.9 0.35 1
347.9 0.35 1
348.9 0.35 1
349.9 0.35 1
351.0 0.35 1
437.6 0.35 1
438.6 0.35 1
439.6 0.35 1
440.6 0.35 1
441.6 0.35 1
442.6 0.35 1
443.6 0.35 1
444.6 0.35 1
445.6 0.35 1
446.6 0.35 1
447.6 0.35 1
448.6 0.35 1
449.6 0.35 1
450.6 0.35 1
451.6 0.35 1
452.7 0.35 1
551.0 0.35 1
552.0 0.35 1
553.0 0.35 1
554.0 0.35 1
555.0 0.35 1
556.0 0.35 1
557.0 0.35 1
558.0 0.35 1
559.1 0.35 1
560.1 0.35 1
561.1 0.35 1
562.1 0.35 1
563.1 0.35 1
564.1 0.35 1
565.1 0.35 1
566.1 0.35 1
615.0 0.35 1
616.0 0.35 1
617.0 0.35 1
618.0 0.35 1
619.0 0.35 1
620.1 0.35 1
621.1 0.35 1
622.1 0.35 1
623.1 0.35 1
624.1 0.35 1
625.1 0.35 1
626.1 0.35 1
627.1 0.35 1
628.1 0.35 1
629.1 0.35 1
630.1 0.35 1
665.7 0.35 1
666.7 0.35 1
667.7 0.35 1
668.7 0.35 1
669.7 0.35 1
670.7 0.35 1
671.7 0.35 1
672.7 0.35 1
673.7 0.35 1
674.7 0.35 1
675.7 0.35 1
676.8 0.35 1
677.8 0.35 1
678.8 0.35 1
679.8 0.35 1
680.8 0.35 1
766.7 0.35 1
767.7 0.35 1
768.7 0.35 1
769.7 0.35 1
770.7 0.35 1
771.7 0.35 1
772.7 0.35 1
773.7 0.35 1
774.7 0.35 1
775.7 0.35 1
776.7 0.35 1
777.7 0.35 1
778.7 0.35 1
779.7 0.35 1
780.8 0.35 1
781.8 0.35 1
