32.8 0.35 1
33.9 0.35 1
35.0 0.35 1
36.0 0.35 1
37.2 0.35 1
38.4 0.35 1
39.5 0.35 1
40.7 0.35 1
41.8 0.35 1
43.0 0.35 1
44.1 0.35 1
45.1 0.35 1
46.2 0.35 1
47.3 0.35 1
48.5 0.35 1
49.6 0.35 1
84.1 0.35 1
85.3 0.35 1
86.4 0.35 1
87.6 0.35 1
88.7 0.35 1
89.7 0.35 1
90.9 0.35 1
92.1 0.35 1
93.3 0.35 1
94.4 0.35 1
95.5 0.35 1
96.7 0.35 1
97.7 0.35 1
98.8 0.35 1
99.9 0.35 1
101.0 0.35 1
184.7 0.35 1
185.8 0.35 1
186.9 0.35 1
188.1 0.35 1
189.3 0.35 1
190.4 0.35 1
191.4 0.35 1
192.6 0.35 1
193.7 0.35 1
194.8 0.35 1
195.9 0.35 1
197.0 0.35 1
198.0 0.35 1
199.1 0.35 1
200.2 0.35 1
201.3 0.35 1
301.4 0.35 1
302.4 0.35 1
303.6 0.35 1
304.8 0.35 1
305.9 0.35 1
306.9 0.35 1
308.1 0.35 1
309.1 0.35 1
310.3 0.35 1
311.3 0.35 1
312.5 0.35 1
313.6 0.35 1
314.8 0.35 1
315.9 0.35 1
317.0 0.35 1
318.1 0.35 1
352.3 0.35 1
353.5 0.35 1
354.6 0.35 1
355.7 0.35 1
356.9 0.35 1
358.0 0.35 1
359.1 0.35 1
360.1 0.35 1
361.2 0.35 1
362.4 0.35 1
363.5 0.35 1
364.6 0.35 1
365.7 0.35 1
366.9 0.35 1
368.1 0.35 1
369.2 0.35 1
469.4 0.35 1
470.5 0.35 1
471.6 0.35 1
472.7 0.35 1
473.8 0.35 1
474.9 0.35 1
476.0 0.35 1
477.1 0.35 1
478.2 0.35 1
479.3 0.35 1
480.5 0.35 1
481.6 0.35 1
482.7 0.35 1
483.7 0.35 1
484.8 0.35 1
485.9 0.35 1
