49.2 0.35 1
50.3 0.35 1
51.3 0.35 1
52.3 0.35 1
53.3 0.35 1
54.3 0.35 1
55.3 0.35 1
56.3 0.35 1
57.3 0.35 1
58.4 0.35 1
59.4 0.35 1
60.4 0.35 1
61.4 0.35 1
62.4 0.35 1
63.4 0.35 1
64.4 0.35 1
113.6 0.35 1
114.6 0.35 1
115.6 0.35 1
116.7 0.35 1
117.7 0.35 1
118.7 0.35 1
119.7 0.35 1
120.7 0.35 1
121.7 0.35 1
122.7 0.35 1
123.7 0.35 1
124.8 0.35 1
125.8 0.35 1
126.8 0.35 1
127.8 0.35 1
128.8 0.35 1
194.7 0.35 1
195.8 0.35 1
196.8 0.35 1
197.8 0.35 1
198.8 0.35 1
199.8 0.35 1
200.8 0.35 1
201.8 0.35 1
202.9 0.35 1
203.9 0.35 1
204.9 0.35 1
205.9 0.35 1
206.9 0.35 1
207.9 0.35 1
208.9 0.35 1
210.0 0.35 1
259.2 0.35 1
260.2 0.35 1
261.2 0.35 1
262.2 0.35 1
263.2 0.35 1
264.2 0.35 1
265.3 0.35 1
266.3 0.35 1
267.3 0.35 1
268.3 0.35 1
269.3 0.35 1
270.3 0.35 1
271.3 0.35 1
272.3 0.35 1
273.4 0.35 1
274.4 0.35 1
373.2 0.35 1
374.2 0.35 1
375.2 0.35 1
376.2 0.35 1
377.2 0.35 1
378.2 0.35 1
379.2 0.35 1
380.3 0.35 1
381.3 0.35 1
382.3 0.35 1
383.3 0.35 1
384.3 0.35 1
385.3 0.35 1
386.3 0.35 1
387.4 0.35 1
388.4 0.35 1
405.0 0.35 1
406.0 0.35 1
407.0 0.35 1
408.0 0.35 1
409.0 0.35 1
410.0 0.35 1
411.0 0.35 1
412.0 0.35 1
413.0 0.35 1
414.1 0.35 1
415.1 0.35 1
416.1 0.35 1
417.1 0.35 1
418.1 0.35 1
419.1 0.35 1
420.1 0.35 1
