16.1 0.35 1
17.1 0.35 1
18.1 0.35 1
19.1 0.35 1
20.1 0.35 1
21.1 0.35 1
22.1 0.35 1
23.2 0.35 1
24.2 0.35 1
25.2 0.35 1
26.2 0.35 1
27.2 0.35 1
28.2 0.35 1
29.2 0.35 1
30.2 0.35 1
31.2 0.35 1
130.1 0.35 1
131.1 0.35 1
132.1 0.35 1
133.1 0.35 1
134.1 0.35 1
135.1 0.35 1
136.1 0.35 1
137.1 0.35 1
138.1 0.35 1
139.1 0.35 1
140.1 0.35 1
141.1 0.35 1
142.1 0.35 1
143.2 0.35 1
144.2 0.35 1
145.2 0.35 1
195.0 0.35 1
196.0 0.35 1
197.0 0.35 1
198.0 0.35 1
199.0 0.35 1
200.0 0.35 1
201.0 0.35 1
202.0 0.35 1
203.0 0.35 1
204.0 0.35 1
205.0 0.35 1
206.0 0.35 1
207.0 0.35 1
208.0 0.35 1
209.1 0.35 1
210.1 0.35 1
243.0 0.35 1
244.0 0.35 1
245.0 0.35 1
246.0 0.35 1
247.0 0.35 1
248.0 0.35 1
249.0 0.35 1
250.0 0.35 1
251.0 0.35 1
252.0 0.35 1
253.1 0.35 1
254.1 0.35 1
255.1 0.35 1
256.1 0.35 1
257.1 0.35 1
258.1 0.35 1
357.6 0.35 1
358.7 0.35 1
359.7 0.35 1
360.7 0.35 1
361.7 0.35 1
362.7 0.35 1
363.7 0.35 1
364.7 0.35 1
365.7 0.35 1
366.7 0.35 1
367.7 0.35 1
368.7 0.35 1
369.7 0.35 1
370.7 0.35 1
371.7 0.35 1
372.8 0.35 1
441.1 0.35 1
442.1 0.35 1
443.1 0.35 1
444.1 0.35 1
445.1 0.35 1
446.1 0.35 1
447.2 0.35 1
448.2 0.35 1
449.2 0.35 1
450.2 0.35 1
451.2 0.35 1
452.2 0.35 1
453.2 0.35 1
454.2 0.35 1
455.2 0.35 1
456.2 0.35 1
