50.6 0.35 1
51.6 0.35 1
52.7 0.35 1
53.7 0.35 1
54.8 0.35 1
55.8 0.35 1
56.8 0.35 1
57.9 0.35 1
58.9 0.35 1
59.9 0.35 1
61.0 0.35 1
62.0 0.35 1
63.0 0.35 1
64.1 0.35 1
65.1 0.35 1
66.2 0.35 1
118.3 0.35 1
119.3 0.35 1
120.4 0.35 1
121.4 0.35 1
122.5 0.35 1
123.5 0.35 1
124.5 0.35 1
125.6 0.35 1
126.6 0.35 1
127.6 0.35 1
128.7 0.35 1
129.7 0.35 1
130.7 0.35 1
131.8 0.35 1
132.8 0.35 1
133.9 0.35 1
168.0 0.35 1
169.1 0.35 1
170.1 0.35 1
171.1 0.35 1
172.2 0.35 1
173.2 0.35 1
174.2 0.35 1
175.3 0.35 1
176.3 0.35 1
177.3 0.35 1
178.4 0.35 1
179.4 0.35 1
180.5 0.35 1
181.5 0.35 1
182.5 0.35 1
183.6 0.35 1
268.3 0.35 1
269.4 0.35 1
270.4 0.35 1
271.4 0.35 1
272.5 0.35 1
273.5 0.35 1
274.5 0.35 1
275.6 0.35 1
276.6 0.35 1
277.6 0.35 1
278.7 0.35 1
279.7 0.35 1
280.8 0.35 1
281.8 0.35 1
282.8 0.35 1
283.9 0.35 1
386.6 0.35 1
387.6 0.35 1
388.6 0.35 1
389.7 0.35 1
390.7 0.35 1
391.8 0.35 1
392.8 0.35 1
393.8 0.35 1
394.9 0.35 1
395.9 0.35 1
396.9 0.35 1
398.0 0.35 1
399.0 0.35 1
400.0 0.35 1
401.1 0.35 1
402.1 0.35 1
420.0 0.35 1
421.0 0.35 1
422.1 0.35 1
423.1 0.35 1
424.1 0.35 1
425.2 0.35 1
426.2 0.35 1
427.3 0.35 1
428.3 0.35 1
429.3 0.35 1
430.4 0.35 1
431.4 0.35 1
432.4 0.35 1
433.5 0.35 1
434.5 0.35 1
435.5 0.35 1
