49.9 0.35 1
50.9 0.35 1
52.0 0.35 1
53.0 0.35 1
54.0 0.35 1
55.1 0.35 1
56.1 0.35 1
57.1 0.35 1
58.2 0.35 1
59.2 0.35 1
60.3 0.35 1
61.3 0.35 1
62.3 0.35 1
63.4 0.35 1
64.4 0.35 1
65.4 0.35 1
114.8 0.35 1
115.9 0.35 1
116.9 0.35 1
117.9 0.35 1
119.0 0.35 1
120.0 0.35 1
121.0 0.35 1
122.1 0.35 1
123.1 0.35 1
124.1 0.35 1
125.2 0.35 1
126.2 0.35 1
127.3 0.35 1
128.3 0.35 1
129.3 0.35 1
130.4 0.35 1
162.0 0.35 1
163.1 0.35 1
164.1 0.35 1
165.1 0.35 1
166.2 0.35 1
167.2 0.35 1
168.2 0.35 1
169.3 0.35 1
170.3 0.35 1
171.4 0.35 1
172.4 0.35 1
173.4 0.35 1
174.5 0.35 1
175.5 0.35 1
176.5 0.35 1
177.6 0.35 1
259.1 0.35 1
260.2 0.35 1
261.2 0.35 1
262.2 0.35 1
263.3 0.35 1
264.3 0.35 1
265.3 0.35 1
266.4 0.35 1
267.4 0.35 1
268.5 0.35 1
269.5 0.35 1
270.5 0.35 1
271.6 0.35 1
272.6 0.35 1
273.6 0.35 1
274.7 0.35 1
373.9 0.35 1
374.9 0.35 1
376.0 0.35 1
377.0 0.35 1
378.1 0.35 1
379.1 0.35 1
380.1 0.35 1
381.2 0.35 1
382.2 0.35 1
383.2 0.35 1
384.3 0.35 1
385.3 0.35 1
386.3 0.35 1
387.4 0.35 1
388.4 0.35 1
389.5 0.35 1
405.0 0.35 1
406.0 0.35 1
407.1 0.35 1
408.1 0.35 1
409.1 0.35 1
410.2 0.35 1
411.2 0.35 1
412.3 0.35 1
413.3 0.35 1
414.3 0.35 1
415.4 0.35 1
416.4 0.35 1
417.4 0.35 1
418.5 0.35 1
419.5 0.35 1
420.6 0.35 1
