50.4 0.35 1
51.5 0.35 1
52.6 0.35 1
53.7 0.35 1
54.8 0.35 1
55.8 0.35 1
57.0 0.35 1
58.0 0.35 1
59.1 0.35 1
60.1 0.35 1
61.1 0.35 1
62.2 0.35 1
63.2 0.35 1
64.3 0.35 1
65.3 0.35 1
66.4 0.35 1
117.9 0.35 1
118.9 0.35 1
120.0 0.35 1
121.0 0.35 1
122.1 0.35 1
123.1 0.35 1
124.2 0.35 1
125.2 0.35 1
126.2 0.35 1
127.3 0.35 1
128.4 0.35 1
129.4 0.35 1
130.5 0.35 1
131.5 0.35 1
132.5 0.35 1
133.6 0.35 1
165.0 0.35 1
166.1 0.35 1
167.1 0.35 1
168.2 0.35 1
169.2 0.35 1
170.3 0.35 1
171.3 0.35 1
172.3 0.35 1
173.4 0.35 1
174.4 0.35 1
175.4 0.35 1
176.5 0.35 1
177.5 0.35 1
178.6 0.35 1
179.6 0.35 1
180.7 0.35 1
262.2 0.35 1
263.2 0.35 1
264.3 0.35 1
265.4 0.35 1
266.4 0.35 1
267.5 0.35 1
268.6 0.35 1
269.7 0.35 1
270.8 0.35 1
271.8 0.35 1
272.9 0.35 1
274.0 0.35 1
275.1 0.35 1
276.2 0.35 1
277.2 0.35 1
278.3 0.35 1
380.2 0.35 1
381.4 0.35 1
382.5 0.35 1
383.6 0.35 1
384.7 0.35 1
385.8 0.35 1
386.9 0.35 1
388.0 0.35 1
389.2 0.35 1
390.2 0.35 1
391.4 0.35 1
392.4 0.35 1
393.6 0.35 1
394.7 0.35 1
395.8 0.35 1
396.9 0.35 1
414.0 0.35 1
415.0 0.35 1
416.1 0.35 1
417.1 0.35 1
418.2 0.35 1
419.3 0.35 1
420.3 0.35 1
421.4 0.35 1
422.6 0.35 1
423.7 0.35 1
424.7 0.35 1
425.8 0.35 1
426.9 0.35 1
428.0 0.35 1
429.0 0.35 1
430.0 0.35 1
