0.0 0.35 1
1.1 0.35 1
2.1 0.35 1
3.1 0.35 1
4.1 0.35 1
5.1 0.35 1
6.1 0.35 1
7.1 0.35 1
8.1 0.35 1
9.1 0.35 1
10.1 0.35 1
11.1 0.35 1
12.1 0.35 1
13.1 0.35 1
14.1 0.35 1
15.1 0.35 1
101.6 0.35 1
102.6 0.35 1
103.7 0.35 1
104.7 0.35 1
105.7 0.35 1
106.7 0.35 1
107.7 0.35 1
108.7 0.35 1
109.7 0.35 1
110.7 0.35 1
111.7 0.35 1
112.7 0.35 1
113.7 0.35 1
114.7 0.35 1
115.7 0.35 1
116.7 0.35 1
181.7 0.35 1
182.7 0.35 1
183.7 0.35 1
184.7 0.35 1
185.7 0.35 1
186.7 0.35 1
187.7 0.35 1
188.7 0.35 1
189.7 0.35 1
190.7 0.35 1
191.7 0.35 1
192.7 0.35 1
193.7 0.35 1
194.7 0.35 1
195.7 0.35 1
196.7 0.35 1
246.0 0.35 1
247.0 0.35 1
248.0 0.35 1
249.0 0.35 1
250.0 0.35 1
251.0 0.35 1
252.0 0.35 1
253.0 0.35 1
254.0 0.35 1
255.0 0.35 1
256.0 0.35 1
257.0 0.35 1
258.0 0.35 1
259.1 0.35 1
260.1 0.35 1
261.1 0.35 1
365.2 0.35 1
366.2 0.35 1
367.2 0.35 1
368.2 0.35 1
369.2 0.35 1
370.2 0.35 1
371.3 0.35 1
372.3 0.35 1
373.3 0.35 1
374.3 0.35 1
375.3 0.35 1
376.3 0.35 1
377.3 0.35 1
378.3 0.35 1
379.3 0.35 1
380.3 0.35 1
464.9 0.35 1
465.9 0.35 1
466.9 0.35 1
467.9 0.35 1
468.9 0.35 1
469.9 0.35 1
470.9 0.35 1
471.9 0.35 1
472.9 0.35 1
473.9 0.35 1
475.0 0.35 1
476.0 0.35 1
477.0 0.35 1
478.0 0.35 1
479.0 0.35 1
480.0 0.35 1
