16.2 0.35 1
17.2 0.35 1
18.2 0.35 1
19.3 0.35 1
20.3 0.35 1
21.3 0.35 1
22.4 0.35 1
23.4 0.35 1
24.5 0.35 1
25.5 0.35 1
26.5 0.35 1
27.6 0.35 1
28.6 0.35 1
29.6 0.35 1
30.7 0.35 1
31.7 0.35 1
131.1 0.35 1
132.1 0.35 1
133.1 0.35 1
134.2 0.35 1
135.2 0.35 1
136.2 0.35 1
137.3 0.35 1
138.3 0.35 1
139.3 0.35 1
140.4 0.35 1
141.4 0.35 1
142.5 0.35 1
143.5 0.35 1
144.5 0.35 1
145.6 0.35 1
146.6 0.35 1
162.0 0.35 1
163.0 0.35 1
164.1 0.35 1
165.1 0.35 1
166.2 0.35 1
167.2 0.35 1
168.2 0.35 1
169.3 0.35 1
170.3 0.35 1
171.3 0.35 1
172.4 0.35 1
173.4 0.35 1
174.4 0.35 1
175.5 0.35 1
176.5 0.35 1
177.6 0.35 1
292.9 0.35 1
294.0 0.35 1
295.0 0.35 1
296.0 0.35 1
297.1 0.35 1
298.1 0.35 1
299.2 0.35 1
300.2 0.35 1
301.2 0.35 1
302.3 0.35 1
303.3 0.35 1
304.3 0.35 1
305.4 0.35 1
306.4 0.35 1
307.4 0.35 1
308.5 0.35 1
341.5 0.35 1
342.6 0.35 1
343.6 0.35 1
344.7 0.35 1
345.7 0.35 1
346.7 0.35 1
347.8 0.35 1
348.8 0.35 1
349.8 0.35 1
350.9 0.35 1
351.9 0.35 1
352.9 0.35 1
354.0 0.35 1
355.0 0.35 1
356.1 0.35 1
357.1 0.35 1
439.1 0.35 1
440.2 0.35 1
441.2 0.35 1
442.3 0.35 1
443.3 0.35 1
444.3 0.35 1
445.4 0.35 1
446.4 0.35 1
447.4 0.35 1
448.5 0.35 1
449.5 0.35 1
450.5 0.35 1
451.6 0.35 1
452.6 0.35 1
453.7 0.35 1
454.7 0.35 1
