50.0 0.35 1
51.2 0.35 1
52.2 0.35 1
53.4 0.35 1
54.5 0.35 1
55.6 0.35 1
56.7 0.35 1
57.8 0.35 1
58.8 0.35 1
59.8 0.35 1
60.9 0.35 1
61.9 0.35 1
63.0 0.35 1
64.0 0.35 1
65.1 0.35 1
66.1 0.35 1
118.0 0.35 1
119.0 0.35 1
120.1 0.35 1
121.1 0.35 1
122.1 0.35 1
123.2 0.35 1
124.2 0.35 1
125.3 0.35 1
126.3 0.35 1
127.4 0.35 1
128.4 0.35 1
129.5 0.35 1
130.5 0.35 1
131.5 0.35 1
132.6 0.35 1
133.6 0.35 1
165.0 0.35 1
166.1 0.35 1
167.1 0.35 1
168.2 0.35 1
169.2 0.35 1
170.2 0.35 1
171.3 0.35 1
172.4 0.35 1
173.4 0.35 1
174.4 0.35 1
175.5 0.35 1
176.5 0.35 1
177.5 0.35 1
178.6 0.35 1
179.6 0.35 1
180.7 0.35 1
262.2 0.35 1
263.3 0.35 1
264.4 0.35 1
265.4 0.35 1
266.4 0.35 1
267.6 0.35 1
268.7 0.35 1
269.7 0.35 1
270.8 0.35 1
271.8 0.35 1
273.0 0.35 1
274.1 0.35 1
275.2 0.35 1
276.2 0.35 1
277.3 0.35 1
278.5 0.35 1
380.1 0.35 1
381.2 0.35 1
382.3 0.35 1
383.3 0.35 1
384.4 0.35 1
385.5 0.35 1
386.6 0.35 1
387.6 0.35 1
388.8 0.35 1
389.8 0.35 1
390.9 0.35 1
392.0 0.35 1
393.1 0.35 1
394.2 0.35 1
395.3 0.35 1
396.5 0.35 1
414.0 0.35 1
415.0 0.35 1
416.1 0.35 1
417.1 0.35 1
418.3 0.35 1
419.3 0.35 1
420.4 0.35 1
421.5 0.35 1
422.6 0.35 1
423.7 0.35 1
424.8 0.35 1
425.8 0.35 1
427.0 0.35 1
428.0 0.35 1
429.0 0.35 1
430.1 0.35 1
