50.6 0.35 1
51.6 0.35 1
52.7 0.35 1
53.7 0.35 1
54.8 0.35 1
55.8 0.35 1
56.8 0.35 1
57.9 0.35 1
58.9 0.35 1
59.9 0.35 1
61.0 0.35 1
62.0 0.35 1
63.0 0.35 1
64.1 0.35 1
65.1 0.35 1
66.2 0.35 1
118.3 0.35 1
119.3 0.35 1
120.4 0.35 1
121.4 0.35 1
122.5 0.35 1
123.5 0.35 1
124.5 0.35 1
125.6 0.35 1
126.6 0.35 1
127.6 0.35 1
128.7 0.35 1
129.7 0.35 1
130.7 0.35 1
131.8 0.35 1
132.8 0.35 1
133.9 0.35 1
168.0 0.35 1
169.1 0.35 1
170.1 0.35 1
171.1 0.35 1
172.2 0.35 1
173.2 0.35 1
174.2 0.35 1
175.3 0.35 1
176.3 0.35 1
177.3 0.35 1
178.4 0.35 1
179.4 0.35 1
180.5 0.35 1
181.5 0.35 1
182.5 0.35 1
183.6 0.35 1
268.3 0.35 1
269.4 0.35 1
270.4 0.35 1
271.4 0.35 1
272.5 0.35 1
273.5 0.35 1
274.5 0.35 1
275.6 0.35 1
276.6 0.35 1
277.6 0.35 1
278.7 0.35 1
279.7 0.35 1
280.8 0.35 1
281.8 0.35 1
282.8 0.35 1
283.9 0.35 1
386.6 0.35 1
387.6 0.35 1
388.6 0.35 1
389.7 0.35 1
390.7 0.35 1
391.8 0.35 1
392.8 0.35 1
393.8 0.35 1
394.9 0.35 1
395.9 0.35 1
396.9 0.35 1
398.0 0.35 1
399.0 0.35 1
400.0 0.35 1
401.1 0.35 1
402.1 0.35 1
420.0 0.35 1
421.0 0.35 1
422.1 0.35 1
423.1 0.35 1
424.1 0.35 1
425.2 0.35 1
426.2 0.35 1
427.3 0.35 1
428.3 0.35 1
429.3 0.35 1
430.4 0.35 1
431.4 0.35 1
432.4 0.35 1
433.5 0.35 1
434.5 0.35 1
435.5 0.35 1
386.2 0.35 1
387.3 0.35 1
388.3 0.35 1
389.4 0.35 1
390.5 0.35 1
391.6 0.35 1
392.7 0.35 1
393.7 0.35 1
394.8 0.35 1
395.8 0.35 1
396.9 0.35 1
397.9 0.35 1
399.0 0.35 1
400.0 0.35 1
401.1 0.35 1
402.1 0.35 1
453.7 0.35 1
454.8 0.35 1
455.8 0.35 1
456.8 0.35 1
457.9 0.35 1
458.9 0.35 1
460.0 0.35 1
461.0 0.35 1
462.0 0.35 1
463.1 0.35 1
464.2 0.35 1
465.2 0.35 1
466.2 0.35 1
467.3 0.35 1
468.3 0.35 1
469.3 0.35 1
500.7 0.35 1
501.8 0.35 1
502.8 0.35 1
503.9 0.35 1
504.9 0.35 1
505.9 0.35 1
507.0 0.35 1
508.1 0.35 1
509.1 0.35 1
510.1 0.35 1
511.2 0.35 1
512.2 0.35 1
513.2 0.35 1
514.3 0.35 1
515.3 0.35 1
516.4 0.35 1
597.9 0.35 1
599.0 0.35 1
600.0 0.35 1
601.1 0.35 1
602.1 0.35 1
603.2 0.35 1
604.3 0.35 1
605.3 0.35 1
606.4 0.35 1
607.4 0.35 1
608.6 0.35 1
609.7 0.35 1
610.8 0.35 1
611.9 0.35 1
612.9 0.35 1
614.0 0.35 1
715.9 0.35 1
717.1 0.35 1
718.1 0.35 1
719.2 0.35 1
720.3 0.35 1
721.4 0.35 1
722.6 0.35 1
723.6 0.35 1
724.8 0.35 1
725.8 0.35 1
726.9 0.35 1
728.0 0.35 1
729.0 0.35 1
730.2 0.35 1
731.2 0.35 1
732.3 0.35 1
749.7 0.35 1
750.8 0.35 1
751.8 0.35 1
752.8 0.35 1
753.9 0.35 1
754.9 0.35 1
756.0 0.35 1
757.1 0.35 1
758.2 0.35 1
759.4 0.35 1
760.4 0.35 1
761.5 0.35 1
762.6 0.35 1
763.6 0.35 1
764.6 0.35 1
765.7 0.35 1
