52.2 0.35 1
53.2 0.35 1
54.2 0.35 1
55.2 0.35 1
56.2 0.35 1
57.2 0.35 1
58.2 0.35 1
59.2 0.35 1
60.2 0.35 1
61.3 0.35 1
62.3 0.35 1
63.3 0.35 1
64.3 0.35 1
65.3 0.35 1
66.3 0.35 1
67.3 0.35 1
118.5 0.35 1
119.5 0.35 1
120.5 0.35 1
121.5 0.35 1
122.5 0.35 1
123.5 0.35 1
124.5 0.35 1
125.5 0.35 1
126.5 0.35 1
127.5 0.35 1
128.6 0.35 1
129.6 0.35 1
130.6 0.35 1
131.6 0.35 1
132.6 0.35 1
133.6 0.35 1
200.8 0.35 1
201.8 0.35 1
202.8 0.35 1
203.8 0.35 1
204.8 0.35 1
205.8 0.35 1
206.8 0.35 1
207.8 0.35 1
208.8 0.35 1
209.8 0.35 1
210.8 0.35 1
211.8 0.35 1
212.9 0.35 1
213.9 0.35 1
214.9 0.35 1
215.9 0.35 1
265.1 0.35 1
266.1 0.35 1
267.1 0.35 1
268.1 0.35 1
269.1 0.35 1
270.1 0.35 1
271.1 0.35 1
272.1 0.35 1
273.1 0.35 1
274.1 0.35 1
275.1 0.35 1
276.2 0.35 1
277.2 0.35 1
278.2 0.35 1
279.2 0.35 1
280.2 0.35 1
381.2 0.35 1
382.2 0.35 1
383.2 0.35 1
384.3 0.35 1
385.3 0.35 1
386.3 0.35 1
387.3 0.35 1
388.3 0.35 1
389.3 0.35 1
390.3 0.35 1
391.3 0.35 1
392.3 0.35 1
393.3 0.35 1
394.3 0.35 1
395.3 0.35 1
396.3 0.35 1
414.0 0.35 1
415.0 0.35 1
416.0 0.35 1
417.0 0.35 1
418.0 0.35 1
419.0 0.35 1
420.0 0.35 1
421.0 0.35 1
422.0 0.35 1
423.0 0.35 1
424.1 0.35 1
425.1 0.35 1
426.1 0.35 1
427.1 0.35 1
428.1 0.35 1
429.1 0.35 1
