0.0 0.35 1
1.0 0.35 1
2.0 0.35 1
3.1 0.35 1
4.1 0.35 1
5.1 0.35 1
6.1 0.35 1
7.1 0.35 1
8.2 0.35 1
9.2 0.35 1
10.2 0.35 1
11.2 0.35 1
12.2 0.35 1
13.3 0.35 1
14.3 0.35 1
15.3 0.35 1
97.4 0.35 1
98.5 0.35 1
99.5 0.35 1
100.5 0.35 1
101.5 0.35 1
102.5 0.35 1
103.5 0.35 1
104.6 0.35 1
105.6 0.35 1
106.6 0.35 1
107.6 0.35 1
108.6 0.35 1
109.7 0.35 1
110.7 0.35 1
111.7 0.35 1
112.7 0.35 1
211.4 0.35 1
212.5 0.35 1
213.5 0.35 1
214.5 0.35 1
215.5 0.35 1
216.5 0.35 1
217.6 0.35 1
218.6 0.35 1
219.6 0.35 1
220.6 0.35 1
221.6 0.35 1
222.6 0.35 1
223.7 0.35 1
224.7 0.35 1
225.7 0.35 1
226.7 0.35 1
275.9 0.35 1
276.9 0.35 1
277.9 0.35 1
278.9 0.35 1
280.0 0.35 1
281.0 0.35 1
282.0 0.35 1
283.0 0.35 1
284.0 0.35 1
285.1 0.35 1
286.1 0.35 1
287.1 0.35 1
288.1 0.35 1
289.1 0.35 1
290.2 0.35 1
291.2 0.35 1
324.0 0.35 1
325.0 0.35 1
326.0 0.35 1
327.0 0.35 1
328.1 0.35 1
329.1 0.35 1
330.1 0.35 1
331.1 0.35 1
332.1 0.35 1
333.2 0.35 1
334.2 0.35 1
335.2 0.35 1
336.2 0.35 1
337.2 0.35 1
338.3 0.35 1
339.3 0.35 1
421.6 0.35 1
422.6 0.35 1
423.6 0.35 1
424.6 0.35 1
425.7 0.35 1
426.7 0.35 1
427.7 0.35 1
428.7 0.35 1
429.7 0.35 1
430.8 0.35 1
431.8 0.35 1
432.8 0.35 1
433.8 0.35 1
434.8 0.35 1
435.8 0.35 1
436.9 0.35 1
