33.0 0.35 1
34.1 0.35 1
35.2 0.35 1
36.3 0.35 1
37.5 0.35 1
38.7 0.35 1
39.8 0.35 1
40.9 0.35 1
42.0 0.35 1
43.1 0.35 1
44.2 0.35 1
45.4 0.35 1
46.5 0.35 1
47.6 0.35 1
48.7 0.35 1
49.8 0.35 1
84.1 0.35 1
85.2 0.35 1
86.3 0.35 1
87.4 0.35 1
88.5 0.35 1
89.6 0.35 1
90.7 0.35 1
91.8 0.35 1
92.9 0.35 1
94.1 0.35 1
95.2 0.35 1
96.3 0.35 1
97.3 0.35 1
98.4 0.35 1
99.6 0.35 1
100.7 0.35 1
214.3 0.35 1
215.4 0.35 1
216.5 0.35 1
217.5 0.35 1
218.7 0.35 1
219.8 0.35 1
221.0 0.35 1
222.0 0.35 1
223.2 0.35 1
224.3 0.35 1
225.3 0.35 1
226.4 0.35 1
227.6 0.35 1
228.7 0.35 1
229.8 0.35 1
230.9 0.35 1
278.8 0.35 1
279.9 0.35 1
281.1 0.35 1
282.2 0.35 1
283.4 0.35 1
284.5 0.35 1
285.5 0.35 1
286.6 0.35 1
287.7 0.35 1
288.8 0.35 1
289.8 0.35 1
291.0 0.35 1
292.1 0.35 1
293.3 0.35 1
294.5 0.35 1
295.6 0.35 1
330.0 0.35 1
331.2 0.35 1
332.3 0.35 1
333.4 0.35 1
334.5 0.35 1
335.6 0.35 1
336.7 0.35 1
337.7 0.35 1
338.8 0.35 1
340.0 0.35 1
341.1 0.35 1
342.3 0.35 1
343.3 0.35 1
344.5 0.35 1
345.6 0.35 1
346.6 0.35 1
427.4 0.35 1
428.6 0.35 1
429.8 0.35 1
431.0 0.35 1
432.0 0.35 1
433.2 0.35 1
434.3 0.35 1
435.3 0.35 1
436.5 0.35 1
437.7 0.35 1
438.8 0.35 1
440.0 0.35 1
441.0 0.35 1
442.1 0.35 1
443.3 0.35 1
444.4 0.35 1
