16.7 0.35 1
17.8 0.35 1
18.8 0.35 1
19.9 0.35 1
20.9 0.35 1
22.1 0.35 1
23.1 0.35 1
24.2 0.35 1
25.2 0.35 1
26.3 0.35 1
27.3 0.35 1
28.3 0.35 1
29.4 0.35 1
30.4 0.35 1
31.4 0.35 1
32.5 0.35 1
134.0 0.35 1
135.0 0.35 1
136.0 0.35 1
137.1 0.35 1
138.1 0.35 1
139.1 0.35 1
140.2 0.35 1
141.2 0.35 1
142.3 0.35 1
143.3 0.35 1
144.4 0.35 1
145.4 0.35 1
146.4 0.35 1
147.5 0.35 1
148.5 0.35 1
149.6 0.35 1
165.0 0.35 1
166.1 0.35 1
167.1 0.35 1
168.1 0.35 1
169.2 0.35 1
170.2 0.35 1
171.3 0.35 1
172.3 0.35 1
173.4 0.35 1
174.4 0.35 1
175.4 0.35 1
176.5 0.35 1
177.5 0.35 1
178.6 0.35 1
179.6 0.35 1
180.6 0.35 1
295.8 0.35 1
296.9 0.35 1
298.0 0.35 1
299.0 0.35 1
300.1 0.35 1
301.2 0.35 1
302.2 0.35 1
303.4 0.35 1
304.4 0.35 1
305.5 0.35 1
306.6 0.35 1
307.7 0.35 1
308.8 0.35 1
309.9 0.35 1
310.9 0.35 1
312.0 0.35 1
347.8 0.35 1
349.0 0.35 1
350.1 0.35 1
351.2 0.35 1
352.2 0.35 1
353.4 0.35 1
354.4 0.35 1
355.5 0.35 1
356.6 0.35 1
357.6 0.35 1
358.8 0.35 1
359.8 0.35 1
360.9 0.35 1
362.0 0.35 1
363.1 0.35 1
364.2 0.35 1
447.9 0.35 1
448.9 0.35 1
449.9 0.35 1
451.0 0.35 1
452.1 0.35 1
453.1 0.35 1
454.2 0.35 1
455.3 0.35 1
456.4 0.35 1
457.5 0.35 1
458.6 0.35 1
459.7 0.35 1
460.8 0.35 1
461.8 0.35 1
462.8 0.35 1
463.9 0.35 1
