33.8 0.35 1
34.8 0.35 1
35.9 0.35 1
37.0 0.35 1
38.2 0.35 1
39.2 0.35 1
40.4 0.35 1
41.5 0.35 1
42.6 0.35 1
43.6 0.35 1
44.7 0.35 1
45.9 0.35 1
46.9 0.35 1
48.0 0.35 1
49.2 0.35 1
50.3 0.35 1
84.1 0.35 1
85.2 0.35 1
86.3 0.35 1
87.4 0.35 1
88.5 0.35 1
89.7 0.35 1
90.8 0.35 1
91.9 0.35 1
93.1 0.35 1
94.2 0.35 1
95.3 0.35 1
96.3 0.35 1
97.4 0.35 1
98.5 0.35 1
99.6 0.35 1
100.6 0.35 1
218.7 0.35 1
219.8 0.35 1
220.9 0.35 1
221.9 0.35 1
223.1 0.35 1
224.2 0.35 1
225.3 0.35 1
226.4 0.35 1
227.5 0.35 1
228.6 0.35 1
229.7 0.35 1
230.8 0.35 1
231.9 0.35 1
233.0 0.35 1
234.0 0.35 1
235.1 0.35 1
284.7 0.35 1
285.8 0.35 1
287.0 0.35 1
288.1 0.35 1
289.3 0.35 1
290.3 0.35 1
291.4 0.35 1
292.5 0.35 1
293.6 0.35 1
294.7 0.35 1
295.7 0.35 1
296.8 0.35 1
297.9 0.35 1
299.1 0.35 1
300.2 0.35 1
301.3 0.35 1
336.1 0.35 1
337.3 0.35 1
338.4 0.35 1
339.6 0.35 1
340.6 0.35 1
341.8 0.35 1
342.9 0.35 1
343.9 0.35 1
345.1 0.35 1
346.2 0.35 1
347.4 0.35 1
348.5 0.35 1
349.6 0.35 1
350.7 0.35 1
351.8 0.35 1
352.8 0.35 1
436.4 0.35 1
437.5 0.35 1
438.6 0.35 1
439.7 0.35 1
440.8 0.35 1
441.9 0.35 1
443.0 0.35 1
444.0 0.35 1
445.2 0.35 1
446.3 0.35 1
447.4 0.35 1
448.6 0.35 1
449.6 0.35 1
450.7 0.35 1
451.8 0.35 1
453.0 0.35 1
