0.0 0.35 1
1.0 0.35 1
2.0 0.35 1
3.1 0.35 1
4.1 0.35 1
5.1 0.35 1
6.1 0.35 1
7.1 0.35 1
8.2 0.35 1
9.2 0.35 1
10.2 0.35 1
11.2 0.35 1
12.2 0.35 1
13.3 0.35 1
14.3 0.35 1
15.3 0.35 1
97.4 0.35 1
98.4 0.35 1
99.4 0.35 1
100.4 0.35 1
101.5 0.35 1
102.5 0.35 1
103.5 0.35 1
104.5 0.35 1
105.5 0.35 1
106.6 0.35 1
107.6 0.35 1
108.6 0.35 1
109.6 0.35 1
110.6 0.35 1
111.6 0.35 1
112.7 0.35 1
178.6 0.35 1
179.6 0.35 1
180.6 0.35 1
181.6 0.35 1
182.6 0.35 1
183.7 0.35 1
184.7 0.35 1
185.7 0.35 1
186.7 0.35 1
187.7 0.35 1
188.8 0.35 1
189.8 0.35 1
190.8 0.35 1
191.8 0.35 1
192.8 0.35 1
193.9 0.35 1
243.0 0.35 1
244.0 0.35 1
245.0 0.35 1
246.0 0.35 1
247.0 0.35 1
248.0 0.35 1
249.1 0.35 1
250.1 0.35 1
251.1 0.35 1
252.1 0.35 1
253.1 0.35 1
254.2 0.35 1
255.2 0.35 1
256.2 0.35 1
257.2 0.35 1
258.2 0.35 1
356.9 0.35 1
358.0 0.35 1
359.0 0.35 1
360.0 0.35 1
361.0 0.35 1
362.0 0.35 1
363.1 0.35 1
364.1 0.35 1
365.1 0.35 1
366.1 0.35 1
367.1 0.35 1
368.1 0.35 1
369.2 0.35 1
370.2 0.35 1
371.2 0.35 1
372.2 0.35 1
454.2 0.35 1
455.2 0.35 1
456.3 0.35 1
457.3 0.35 1
458.3 0.35 1
459.3 0.35 1
460.3 0.35 1
461.4 0.35 1
462.4 0.35 1
463.4 0.35 1
464.4 0.35 1
465.4 0.35 1
466.5 0.35 1
467.5 0.35 1
468.5 0.35 1
469.5 0.35 1
