16.2 0.35 1
17.2 0.35 1
18.3 0.35 1
19.3 0.35 1
20.3 0.35 1
21.4 0.35 1
22.4 0.35 1
23.4 0.35 1
24.5 0.35 1
25.5 0.35 1
26.5 0.35 1
27.6 0.35 1
28.6 0.35 1
29.7 0.35 1
30.7 0.35 1
31.7 0.35 1
129.6 0.35 1
130.6 0.35 1
131.7 0.35 1
132.7 0.35 1
133.7 0.35 1
134.8 0.35 1
135.8 0.35 1
136.8 0.35 1
137.9 0.35 1
138.9 0.35 1
140.0 0.35 1
141.0 0.35 1
142.0 0.35 1
143.1 0.35 1
144.1 0.35 1
145.1 0.35 1
162.0 0.35 1
163.0 0.35 1
164.1 0.35 1
165.1 0.35 1
166.2 0.35 1
167.2 0.35 1
168.2 0.35 1
169.3 0.35 1
170.3 0.35 1
171.3 0.35 1
172.4 0.35 1
173.4 0.35 1
174.4 0.35 1
175.5 0.35 1
176.5 0.35 1
177.6 0.35 1
291.6 0.35 1
292.6 0.35 1
293.7 0.35 1
294.7 0.35 1
295.8 0.35 1
296.8 0.35 1
297.8 0.35 1
298.9 0.35 1
299.9 0.35 1
300.9 0.35 1
302.0 0.35 1
303.0 0.35 1
304.0 0.35 1
305.1 0.35 1
306.1 0.35 1
307.2 0.35 1
340.3 0.35 1
341.4 0.35 1
342.4 0.35 1
343.4 0.35 1
344.5 0.35 1
345.5 0.35 1
346.6 0.35 1
347.6 0.35 1
348.6 0.35 1
349.7 0.35 1
350.7 0.35 1
351.7 0.35 1
352.8 0.35 1
353.8 0.35 1
354.8 0.35 1
355.9 0.35 1
437.5 0.35 1
438.5 0.35 1
439.5 0.35 1
440.6 0.35 1
441.6 0.35 1
442.6 0.35 1
443.7 0.35 1
444.7 0.35 1
445.8 0.35 1
446.8 0.35 1
447.8 0.35 1
448.9 0.35 1
449.9 0.35 1
450.9 0.35 1
452.0 0.35 1
453.0 0.35 1
