16.1 0.35 1
17.1 0.35 1
18.1 0.35 1
19.2 0.35 1
20.2 0.35 1
21.2 0.35 1
22.2 0.35 1
23.2 0.35 1
24.2 0.35 1
25.2 0.35 1
26.2 0.35 1
27.2 0.35 1
28.2 0.35 1
29.2 0.35 1
30.2 0.35 1
31.2 0.35 1
134.6 0.35 1
135.6 0.35 1
136.6 0.35 1
137.6 0.35 1
138.6 0.35 1
139.6 0.35 1
140.6 0.35 1
141.6 0.35 1
142.6 0.35 1
143.6 0.35 1
144.6 0.35 1
145.6 0.35 1
146.6 0.35 1
147.6 0.35 1
148.7 0.35 1
149.7 0.35 1
199.1 0.35 1
200.2 0.35 1
201.2 0.35 1
202.2 0.35 1
203.2 0.35 1
204.2 0.35 1
205.2 0.35 1
206.2 0.35 1
207.2 0.35 1
208.2 0.35 1
209.2 0.35 1
210.2 0.35 1
211.2 0.35 1
212.2 0.35 1
213.2 0.35 1
214.2 0.35 1
246.0 0.35 1
247.0 0.35 1
248.0 0.35 1
249.0 0.35 1
250.0 0.35 1
251.0 0.35 1
252.0 0.35 1
253.0 0.35 1
254.0 0.35 1
255.0 0.35 1
256.1 0.35 1
257.1 0.35 1
258.1 0.35 1
259.1 0.35 1
260.1 0.35 1
261.1 0.35 1
364.0 0.35 1
365.1 0.35 1
366.1 0.35 1
367.1 0.35 1
368.1 0.35 1
369.1 0.35 1
370.1 0.35 1
371.1 0.35 1
372.1 0.35 1
373.1 0.35 1
374.1 0.35 1
375.1 0.35 1
376.1 0.35 1
377.1 0.35 1
378.1 0.35 1
379.1 0.35 1
447.1 0.35 1
448.1 0.35 1
449.2 0.35 1
450.2 0.35 1
451.2 0.35 1
452.2 0.35 1
453.2 0.35 1
454.2 0.35 1
455.2 0.35 1
456.2 0.35 1
457.2 0.35 1
458.2 0.35 1
459.2 0.35 1
460.2 0.35 1
461.2 0.35 1
462.2 0.35 1
