49.2 0.35 1
50.2 0.35 1
51.3 0.35 1
52.3 0.35 1
53.3 0.35 1
54.4 0.35 1
55.4 0.35 1
56.4 0.35 1
57.5 0.35 1
58.5 0.35 1
59.5 0.35 1
60.6 0.35 1
61.6 0.35 1
62.7 0.35 1
63.7 0.35 1
64.7 0.35 1
113.7 0.35 1
114.8 0.35 1
115.8 0.35 1
116.8 0.35 1
117.9 0.35 1
118.9 0.35 1
120.0 0.35 1
121.0 0.35 1
122.0 0.35 1
123.1 0.35 1
124.1 0.35 1
125.1 0.35 1
126.2 0.35 1
127.2 0.35 1
128.2 0.35 1
129.3 0.35 1
162.0 0.35 1
163.0 0.35 1
164.1 0.35 1
165.1 0.35 1
166.2 0.35 1
167.2 0.35 1
168.2 0.35 1
169.3 0.35 1
170.3 0.35 1
171.3 0.35 1
172.4 0.35 1
173.4 0.35 1
174.4 0.35 1
175.5 0.35 1
176.5 0.35 1
177.6 0.35 1
259.3 0.35 1
260.3 0.35 1
261.4 0.35 1
262.4 0.35 1
263.4 0.35 1
264.5 0.35 1
265.5 0.35 1
266.5 0.35 1
267.6 0.35 1
268.6 0.35 1
269.7 0.35 1
270.7 0.35 1
271.7 0.35 1
272.8 0.35 1
273.8 0.35 1
274.8 0.35 1
373.0 0.35 1
374.0 0.35 1
375.1 0.35 1
376.1 0.35 1
377.1 0.35 1
378.2 0.35 1
379.2 0.35 1
380.2 0.35 1
381.3 0.35 1
382.3 0.35 1
383.4 0.35 1
384.4 0.35 1
385.4 0.35 1
386.5 0.35 1
387.5 0.35 1
388.5 0.35 1
405.0 0.35 1
406.0 0.35 1
407.0 0.35 1
408.1 0.35 1
409.1 0.35 1
410.2 0.35 1
411.2 0.35 1
412.2 0.35 1
413.3 0.35 1
414.3 0.35 1
415.3 0.35 1
416.4 0.35 1
417.4 0.35 1
418.4 0.35 1
419.5 0.35 1
420.5 0.35 1
