0.0 0.35 1
1.0 0.35 1
2.0 0.35 1
3.1 0.35 1
4.1 0.35 1
5.1 0.35 1
6.1 0.35 1
7.1 0.35 1
8.2 0.35 1
9.2 0.35 1
10.2 0.35 1
11.2 0.35 1
12.2 0.35 1
13.3 0.35 1
14.3 0.35 1
15.3 0.35 1
101.7 0.35 1
102.8 0.35 1
103.8 0.35 1
104.8 0.35 1
105.8 0.35 1
106.8 0.35 1
107.9 0.35 1
108.9 0.35 1
109.9 0.35 1
110.9 0.35 1
111.9 0.35 1
113.0 0.35 1
114.0 0.35 1
115.0 0.35 1
116.0 0.35 1
117.0 0.35 1
215.5 0.35 1
216.5 0.35 1
217.5 0.35 1
218.5 0.35 1
219.5 0.35 1
220.6 0.35 1
221.6 0.35 1
222.6 0.35 1
223.6 0.35 1
224.6 0.35 1
225.7 0.35 1
226.7 0.35 1
227.7 0.35 1
228.7 0.35 1
229.7 0.35 1
230.8 0.35 1
278.9 0.35 1
279.9 0.35 1
280.9 0.35 1
281.9 0.35 1
283.0 0.35 1
284.0 0.35 1
285.0 0.35 1
286.0 0.35 1
287.0 0.35 1
288.1 0.35 1
289.1 0.35 1
290.1 0.35 1
291.1 0.35 1
292.1 0.35 1
293.1 0.35 1
294.2 0.35 1
327.0 0.35 1
328.0 0.35 1
329.0 0.35 1
330.0 0.35 1
331.1 0.35 1
332.1 0.35 1
333.1 0.35 1
334.1 0.35 1
335.1 0.35 1
336.2 0.35 1
337.2 0.35 1
338.2 0.35 1
339.2 0.35 1
340.2 0.35 1
341.3 0.35 1
342.3 0.35 1
424.6 0.35 1
425.6 0.35 1
426.6 0.35 1
427.6 0.35 1
428.7 0.35 1
429.7 0.35 1
430.7 0.35 1
431.7 0.35 1
432.7 0.35 1
433.8 0.35 1
434.8 0.35 1
435.8 0.35 1
436.8 0.35 1
437.8 0.35 1
438.9 0.35 1
439.9 0.35 1
