16.3 0.35 1
17.4 0.35 1
18.4 0.35 1
19.5 0.35 1
20.5 0.35 1
21.5 0.35 1
22.6 0.35 1
23.6 0.35 1
24.6 0.35 1
25.7 0.35 1
26.7 0.35 1
27.8 0.35 1
28.8 0.35 1
29.8 0.35 1
30.9 0.35 1
31.9 0.35 1
130.1 0.35 1
131.1 0.35 1
132.1 0.35 1
133.2 0.35 1
134.2 0.35 1
135.2 0.35 1
136.3 0.35 1
137.3 0.35 1
138.4 0.35 1
139.4 0.35 1
140.4 0.35 1
141.5 0.35 1
142.5 0.35 1
143.5 0.35 1
144.6 0.35 1
145.6 0.35 1
162.0 0.35 1
163.0 0.35 1
164.1 0.35 1
165.1 0.35 1
166.1 0.35 1
167.2 0.35 1
168.2 0.35 1
169.2 0.35 1
170.3 0.35 1
171.3 0.35 1
172.4 0.35 1
173.4 0.35 1
174.4 0.35 1
175.5 0.35 1
176.5 0.35 1
177.5 0.35 1
292.0 0.35 1
293.0 0.35 1
294.1 0.35 1
295.1 0.35 1
296.2 0.35 1
297.2 0.35 1
298.2 0.35 1
299.3 0.35 1
300.3 0.35 1
301.3 0.35 1
302.4 0.35 1
303.4 0.35 1
304.4 0.35 1
305.5 0.35 1
306.5 0.35 1
307.6 0.35 1
340.4 0.35 1
341.4 0.35 1
342.5 0.35 1
343.5 0.35 1
344.5 0.35 1
345.6 0.35 1
346.6 0.35 1
347.6 0.35 1
348.7 0.35 1
349.7 0.35 1
350.7 0.35 1
351.8 0.35 1
352.8 0.35 1
353.9 0.35 1
354.9 0.35 1
355.9 0.35 1
437.7 0.35 1
438.7 0.35 1
439.7 0.35 1
440.8 0.35 1
441.8 0.35 1
442.9 0.35 1
443.9 0.35 1
444.9 0.35 1
446.0 0.35 1
447.0 0.35 1
448.0 0.35 1
449.1 0.35 1
450.1 0.35 1
451.1 0.35 1
452.2 0.35 1
453.2 0.35 1
