50.5 0.35 1
51.6 0.35 1
52.6 0.35 1
53.6 0.35 1
54.7 0.35 1
55.7 0.35 1
56.7 0.35 1
57.8 0.35 1
58.8 0.35 1
59.9 0.35 1
60.9 0.35 1
61.9 0.35 1
63.0 0.35 1
64.0 0.35 1
65.0 0.35 1
66.1 0.35 1
118.1 0.35 1
119.1 0.35 1
120.1 0.35 1
121.2 0.35 1
122.2 0.35 1
123.3 0.35 1
124.3 0.35 1
125.3 0.35 1
126.4 0.35 1
127.4 0.35 1
128.4 0.35 1
129.5 0.35 1
130.5 0.35 1
131.5 0.35 1
132.6 0.35 1
133.6 0.35 1
165.0 0.35 1
166.1 0.35 1
167.1 0.35 1
168.1 0.35 1
169.2 0.35 1
170.2 0.35 1
171.2 0.35 1
172.3 0.35 1
173.3 0.35 1
174.3 0.35 1
175.4 0.35 1
176.4 0.35 1
177.5 0.35 1
178.5 0.35 1
179.5 0.35 1
180.6 0.35 1
262.3 0.35 1
263.4 0.35 1
264.4 0.35 1
265.4 0.35 1
266.5 0.35 1
267.5 0.35 1
268.5 0.35 1
269.6 0.35 1
270.6 0.35 1
271.6 0.35 1
272.7 0.35 1
273.7 0.35 1
274.8 0.35 1
275.8 0.35 1
276.8 0.35 1
277.9 0.35 1
377.4 0.35 1
378.5 0.35 1
379.5 0.35 1
380.5 0.35 1
381.6 0.35 1
382.6 0.35 1
383.6 0.35 1
384.7 0.35 1
385.7 0.35 1
386.7 0.35 1
387.8 0.35 1
388.8 0.35 1
389.9 0.35 1
390.9 0.35 1
391.9 0.35 1
393.0 0.35 1
408.0 0.35 1
409.0 0.35 1
410.1 0.35 1
411.1 0.35 1
412.2 0.35 1
413.2 0.35 1
414.2 0.35 1
415.3 0.35 1
416.3 0.35 1
417.3 0.35 1
418.4 0.35 1
419.4 0.35 1
420.4 0.35 1
421.5 0.35 1
422.5 0.35 1
423.6 0.35 1
