0.0 0.35 1
1.0 0.35 1
2.0 0.35 1
3.0 0.35 1
4.0 0.35 1
5.0 0.35 1
6.1 0.35 1
7.1 0.35 1
8.1 0.35 1
9.1 0.35 1
10.1 0.35 1
11.1 0.35 1
12.1 0.35 1
13.1 0.35 1
14.1 0.35 1
15.1 0.35 1
98.9 0.35 1
99.9 0.35 1
100.9 0.35 1
101.9 0.35 1
102.9 0.35 1
103.9 0.35 1
104.9 0.35 1
105.9 0.35 1
106.9 0.35 1
107.9 0.35 1
108.9 0.35 1
109.9 0.35 1
110.9 0.35 1
111.9 0.35 1
112.9 0.35 1
113.9 0.35 1
178.6 0.35 1
179.6 0.35 1
180.6 0.35 1
181.6 0.35 1
182.6 0.35 1
183.6 0.35 1
184.6 0.35 1
185.6 0.35 1
186.6 0.35 1
187.6 0.35 1
188.6 0.35 1
189.6 0.35 1
190.6 0.35 1
191.6 0.35 1
192.7 0.35 1
193.7 0.35 1
243.0 0.35 1
244.0 0.35 1
245.0 0.35 1
246.0 0.35 1
247.0 0.35 1
248.0 0.35 1
249.0 0.35 1
250.0 0.35 1
251.0 0.35 1
252.0 0.35 1
253.0 0.35 1
254.0 0.35 1
255.0 0.35 1
256.1 0.35 1
257.1 0.35 1
258.1 0.35 1
358.1 0.35 1
359.1 0.35 1
360.1 0.35 1
361.1 0.35 1
362.1 0.35 1
363.1 0.35 1
364.1 0.35 1
365.1 0.35 1
366.2 0.35 1
367.2 0.35 1
368.2 0.35 1
369.2 0.35 1
370.2 0.35 1
371.2 0.35 1
372.2 0.35 1
373.2 0.35 1
455.7 0.35 1
456.7 0.35 1
457.7 0.35 1
458.7 0.35 1
459.7 0.35 1
460.7 0.35 1
461.7 0.35 1
462.7 0.35 1
463.8 0.35 1
464.8 0.35 1
465.8 0.35 1
466.8 0.35 1
467.8 0.35 1
468.8 0.35 1
469.8 0.35 1
470.8 0.35 1
