16.3 0.35 1
17.3 0.35 1
18.4 0.35 1
19.4 0.35 1
20.4 0.35 1
21.4 0.35 1
22.4 0.35 1
23.5 0.35 1
24.5 0.35 1
25.5 0.35 1
26.5 0.35 1
27.5 0.35 1
28.6 0.35 1
29.6 0.35 1
30.6 0.35 1
31.6 0.35 1
130.4 0.35 1
131.4 0.35 1
132.4 0.35 1
133.4 0.35 1
134.4 0.35 1
135.5 0.35 1
136.5 0.35 1
137.5 0.35 1
138.5 0.35 1
139.5 0.35 1
140.6 0.35 1
141.6 0.35 1
142.6 0.35 1
143.6 0.35 1
144.6 0.35 1
145.7 0.35 1
195.1 0.35 1
196.1 0.35 1
197.1 0.35 1
198.1 0.35 1
199.1 0.35 1
200.2 0.35 1
201.2 0.35 1
202.2 0.35 1
203.2 0.35 1
204.2 0.35 1
205.3 0.35 1
206.3 0.35 1
207.3 0.35 1
208.3 0.35 1
209.3 0.35 1
210.4 0.35 1
243.0 0.35 1
244.0 0.35 1
245.0 0.35 1
246.1 0.35 1
247.1 0.35 1
248.1 0.35 1
249.1 0.35 1
250.1 0.35 1
251.2 0.35 1
252.2 0.35 1
253.2 0.35 1
254.2 0.35 1
255.2 0.35 1
256.3 0.35 1
257.3 0.35 1
258.3 0.35 1
356.8 0.35 1
357.8 0.35 1
358.8 0.35 1
359.8 0.35 1
360.8 0.35 1
361.9 0.35 1
362.9 0.35 1
363.9 0.35 1
364.9 0.35 1
365.9 0.35 1
367.0 0.35 1
368.0 0.35 1
369.0 0.35 1
370.0 0.35 1
371.0 0.35 1
372.1 0.35 1
437.9 0.35 1
438.9 0.35 1
439.9 0.35 1
440.9 0.35 1
442.0 0.35 1
443.0 0.35 1
444.0 0.35 1
445.0 0.35 1
446.0 0.35 1
447.1 0.35 1
448.1 0.35 1
449.1 0.35 1
450.1 0.35 1
451.1 0.35 1
452.2 0.35 1
453.2 0.35 1
