51.0 0.35 1
52.0 0.35 1
53.0 0.35 1
54.0 0.35 1
55.0 0.35 1
56.0 0.35 1
57.0 0.35 1
58.0 0.35 1
59.0 0.35 1
60.1 0.35 1
61.1 0.35 1
62.1 0.35 1
63.1 0.35 1
64.1 0.35 1
65.1 0.35 1
66.1 0.35 1
117.7 0.35 1
118.7 0.35 1
119.8 0.35 1
120.8 0.35 1
121.8 0.35 1
122.8 0.35 1
123.8 0.35 1
124.8 0.35 1
125.8 0.35 1
126.8 0.35 1
127.8 0.35 1
128.8 0.35 1
129.8 0.35 1
130.8 0.35 1
131.9 0.35 1
132.9 0.35 1
197.8 0.35 1
198.8 0.35 1
199.8 0.35 1
200.8 0.35 1
201.8 0.35 1
202.8 0.35 1
203.8 0.35 1
204.8 0.35 1
205.8 0.35 1
206.8 0.35 1
207.8 0.35 1
208.8 0.35 1
209.8 0.35 1
210.8 0.35 1
211.8 0.35 1
212.8 0.35 1
262.1 0.35 1
263.1 0.35 1
264.1 0.35 1
265.1 0.35 1
266.1 0.35 1
267.1 0.35 1
268.1 0.35 1
269.1 0.35 1
270.1 0.35 1
271.1 0.35 1
272.1 0.35 1
273.2 0.35 1
274.2 0.35 1
275.2 0.35 1
276.2 0.35 1
277.2 0.35 1
381.3 0.35 1
382.3 0.35 1
383.3 0.35 1
384.3 0.35 1
385.3 0.35 1
386.3 0.35 1
387.3 0.35 1
388.3 0.35 1
389.3 0.35 1
390.3 0.35 1
391.4 0.35 1
392.4 0.35 1
393.4 0.35 1
394.4 0.35 1
395.4 0.35 1
396.4 0.35 1
414.0 0.35 1
415.0 0.35 1
416.0 0.35 1
417.0 0.35 1
418.0 0.35 1
419.0 0.35 1
420.0 0.35 1
421.0 0.35 1
422.0 0.35 1
423.0 0.35 1
424.1 0.35 1
425.1 0.35 1
426.1 0.35 1
427.1 0.35 1
428.1 0.35 1
429.1 0.35 1
