16.3 0.35 1
17.3 0.35 1
18.4 0.35 1
19.4 0.35 1
20.4 0.35 1
21.4 0.35 1
22.4 0.35 1
23.5 0.35 1
24.5 0.35 1
25.5 0.35 1
26.5 0.35 1
27.5 0.35 1
28.6 0.35 1
29.6 0.35 1
30.6 0.35 1
31.6 0.35 1
130.3 0.35 1
131.3 0.35 1
132.4 0.35 1
133.4 0.35 1
134.4 0.35 1
135.4 0.35 1
136.4 0.35 1
137.5 0.35 1
138.5 0.35 1
139.5 0.35 1
140.5 0.35 1
141.5 0.35 1
142.6 0.35 1
143.6 0.35 1
144.6 0.35 1
145.6 0.35 1
195.0 0.35 1
196.0 0.35 1
197.0 0.35 1
198.0 0.35 1
199.1 0.35 1
200.1 0.35 1
201.1 0.35 1
202.1 0.35 1
203.1 0.35 1
204.2 0.35 1
205.2 0.35 1
206.2 0.35 1
207.2 0.35 1
208.2 0.35 1
209.3 0.35 1
210.3 0.35 1
243.0 0.35 1
244.0 0.35 1
245.0 0.35 1
246.0 0.35 1
247.0 0.35 1
248.1 0.35 1
249.1 0.35 1
250.1 0.35 1
251.1 0.35 1
252.1 0.35 1
253.2 0.35 1
254.2 0.35 1
255.2 0.35 1
256.2 0.35 1
257.2 0.35 1
258.3 0.35 1
356.7 0.35 1
357.7 0.35 1
358.7 0.35 1
359.7 0.35 1
360.8 0.35 1
361.8 0.35 1
362.8 0.35 1
363.8 0.35 1
364.8 0.35 1
365.9 0.35 1
366.9 0.35 1
367.9 0.35 1
368.9 0.35 1
369.9 0.35 1
370.9 0.35 1
372.0 0.35 1
437.8 0.35 1
438.9 0.35 1
439.9 0.35 1
440.9 0.35 1
441.9 0.35 1
442.9 0.35 1
444.0 0.35 1
445.0 0.35 1
446.0 0.35 1
447.0 0.35 1
448.0 0.35 1
449.1 0.35 1
450.1 0.35 1
451.1 0.35 1
452.1 0.35 1
453.1 0.35 1
