16.2 0.35 1
17.2 0.35 1
18.2 0.35 1
19.3 0.35 1
20.3 0.35 1
21.3 0.35 1
22.4 0.35 1
23.4 0.35 1
24.5 0.35 1
25.5 0.35 1
26.5 0.35 1
27.6 0.35 1
28.6 0.35 1
29.6 0.35 1
30.7 0.35 1
31.7 0.35 1
131.2 0.35 1
132.2 0.35 1
133.3 0.35 1
134.3 0.35 1
135.3 0.35 1
136.4 0.35 1
137.4 0.35 1
138.4 0.35 1
139.5 0.35 1
140.5 0.35 1
141.6 0.35 1
142.6 0.35 1
143.6 0.35 1
144.7 0.35 1
145.7 0.35 1
146.7 0.35 1
162.0 0.35 1
163.1 0.35 1
164.1 0.35 1
165.1 0.35 1
166.2 0.35 1
167.2 0.35 1
168.2 0.35 1
169.3 0.35 1
170.3 0.35 1
171.4 0.35 1
172.4 0.35 1
173.4 0.35 1
174.5 0.35 1
175.5 0.35 1
176.5 0.35 1
177.6 0.35 1
293.2 0.35 1
294.2 0.35 1
295.3 0.35 1
296.3 0.35 1
297.3 0.35 1
298.4 0.35 1
299.4 0.35 1
300.4 0.35 1
301.5 0.35 1
302.5 0.35 1
303.5 0.35 1
304.6 0.35 1
305.6 0.35 1
306.7 0.35 1
307.7 0.35 1
308.7 0.35 1
341.7 0.35 1
342.7 0.35 1
343.8 0.35 1
344.8 0.35 1
345.8 0.35 1
346.9 0.35 1
347.9 0.35 1
348.9 0.35 1
350.0 0.35 1
351.0 0.35 1
352.0 0.35 1
353.1 0.35 1
354.1 0.35 1
355.2 0.35 1
356.2 0.35 1
357.2 0.35 1
439.0 0.35 1
440.0 0.35 1
441.0 0.35 1
442.1 0.35 1
443.1 0.35 1
444.1 0.35 1
445.2 0.35 1
446.2 0.35 1
447.2 0.35 1
448.3 0.35 1
449.3 0.35 1
450.4 0.35 1
451.4 0.35 1
452.4 0.35 1
453.5 0.35 1
454.5 0.35 1
