0.0 0.35 1
1.0 0.35 1
2.0 0.35 1
3.1 0.35 1
4.1 0.35 1
5.1 0.35 1
6.1 0.35 1
7.1 0.35 1
8.1 0.35 1
9.1 0.35 1
10.1 0.35 1
11.2 0.35 1
12.2 0.35 1
13.2 0.35 1
14.2 0.35 1
15.2 0.35 1
98.9 0.35 1
99.9 0.35 1
100.9 0.35 1
101.9 0.35 1
102.9 0.35 1
104.0 0.35 1
105.0 0.35 1
106.0 0.35 1
107.0 0.35 1
108.0 0.35 1
109.0 0.35 1
110.0 0.35 1
111.1 0.35 1
112.1 0.35 1
113.1 0.35 1
114.1 0.35 1
178.6 0.35 1
179.6 0.35 1
180.6 0.35 1
181.6 0.35 1
182.6 0.35 1
183.7 0.35 1
184.7 0.35 1
185.7 0.35 1
186.7 0.35 1
187.7 0.35 1
188.7 0.35 1
189.7 0.35 1
190.7 0.35 1
191.7 0.35 1
192.7 0.35 1
193.8 0.35 1
243.0 0.35 1
244.0 0.35 1
245.0 0.35 1
246.0 0.35 1
247.0 0.35 1
248.0 0.35 1
249.1 0.35 1
250.1 0.35 1
251.1 0.35 1
252.1 0.35 1
253.1 0.35 1
254.1 0.35 1
255.1 0.35 1
256.2 0.35 1
257.2 0.35 1
258.2 0.35 1
358.2 0.35 1
359.2 0.35 1
360.2 0.35 1
361.3 0.35 1
362.3 0.35 1
363.3 0.35 1
364.3 0.35 1
365.3 0.35 1
366.3 0.35 1
367.3 0.35 1
368.3 0.35 1
369.3 0.35 1
370.4 0.35 1
371.4 0.35 1
372.4 0.35 1
373.4 0.35 1
455.6 0.35 1
456.6 0.35 1
457.6 0.35 1
458.6 0.35 1
459.6 0.35 1
460.6 0.35 1
461.6 0.35 1
462.6 0.35 1
463.7 0.35 1
464.7 0.35 1
465.7 0.35 1
466.7 0.35 1
467.7 0.35 1
468.7 0.35 1
469.7 0.35 1
470.7 0.35 1
