16.3 0.35 1
17.3 0.35 1
18.4 0.35 1
19.4 0.35 1
20.4 0.35 1
21.4 0.35 1
22.4 0.35 1
23.5 0.35 1
24.5 0.35 1
25.5 0.35 1
26.5 0.35 1
27.5 0.35 1
28.6 0.35 1
29.6 0.35 1
30.6 0.35 1
31.6 0.35 1
132.2 0.35 1
133.2 0.35 1
134.3 0.35 1
135.3 0.35 1
136.3 0.35 1
137.3 0.35 1
138.3 0.35 1
139.4 0.35 1
140.4 0.35 1
141.4 0.35 1
142.4 0.35 1
143.4 0.35 1
144.5 0.35 1
145.5 0.35 1
146.5 0.35 1
147.5 0.35 1
199.3 0.35 1
200.4 0.35 1
201.4 0.35 1
202.4 0.35 1
203.4 0.35 1
204.4 0.35 1
205.5 0.35 1
206.5 0.35 1
207.5 0.35 1
208.5 0.35 1
209.5 0.35 1
210.6 0.35 1
211.6 0.35 1
212.6 0.35 1
213.6 0.35 1
214.6 0.35 1
246.0 0.35 1
247.0 0.35 1
248.0 0.35 1
249.0 0.35 1
250.1 0.35 1
251.1 0.35 1
252.1 0.35 1
253.1 0.35 1
254.1 0.35 1
255.2 0.35 1
256.2 0.35 1
257.2 0.35 1
258.2 0.35 1
259.2 0.35 1
260.3 0.35 1
261.3 0.35 1
364.1 0.35 1
365.1 0.35 1
366.1 0.35 1
367.1 0.35 1
368.1 0.35 1
369.2 0.35 1
370.2 0.35 1
371.2 0.35 1
372.2 0.35 1
373.2 0.35 1
374.2 0.35 1
375.3 0.35 1
376.3 0.35 1
377.3 0.35 1
378.3 0.35 1
379.3 0.35 1
447.3 0.35 1
448.3 0.35 1
449.3 0.35 1
450.3 0.35 1
451.4 0.35 1
452.4 0.35 1
453.4 0.35 1
454.4 0.35 1
455.4 0.35 1
456.5 0.35 1
457.5 0.35 1
458.5 0.35 1
459.5 0.35 1
460.5 0.35 1
461.6 0.35 1
462.6 0.35 1
