32.4 0.35 1
33.5 0.35 1
34.6 0.35 1
35.7 0.35 1
36.8 0.35 1
37.9 0.35 1
39.0 0.35 1
40.2 0.35 1
41.3 0.35 1
42.4 0.35 1
43.5 0.35 1
44.5 0.35 1
45.6 0.35 1
46.7 0.35 1
47.7 0.35 1
48.9 0.35 1
81.1 0.35 1
82.2 0.35 1
83.3 0.35 1
84.4 0.35 1
85.5 0.35 1
86.5 0.35 1
87.7 0.35 1
88.9 0.35 1
90.0 0.35 1
91.1 0.35 1
92.2 0.35 1
93.4 0.35 1
94.5 0.35 1
95.5 0.35 1
96.6 0.35 1
97.7 0.35 1
178.7 0.35 1
179.7 0.35 1
180.9 0.35 1
182.0 0.35 1
183.2 0.35 1
184.3 0.35 1
185.3 0.35 1
186.5 0.35 1
187.6 0.35 1
188.7 0.35 1
189.8 0.35 1
190.9 0.35 1
191.9 0.35 1
193.0 0.35 1
194.1 0.35 1
195.2 0.35 1
291.9 0.35 1
293.0 0.35 1
294.1 0.35 1
295.2 0.35 1
296.2 0.35 1
297.3 0.35 1
298.4 0.35 1
299.4 0.35 1
300.5 0.35 1
301.5 0.35 1
302.6 0.35 1
303.8 0.35 1
304.9 0.35 1
306.0 0.35 1
307.2 0.35 1
308.3 0.35 1
340.2 0.35 1
341.4 0.35 1
342.5 0.35 1
343.6 0.35 1
344.7 0.35 1
345.8 0.35 1
346.9 0.35 1
347.9 0.35 1
349.1 0.35 1
350.2 0.35 1
351.3 0.35 1
352.3 0.35 1
353.4 0.35 1
354.5 0.35 1
355.7 0.35 1
356.8 0.35 1
453.9 0.35 1
455.0 0.35 1
456.1 0.35 1
457.2 0.35 1
458.3 0.35 1
459.4 0.35 1
460.5 0.35 1
461.6 0.35 1
462.7 0.35 1
463.8 0.35 1
464.9 0.35 1
466.0 0.35 1
467.2 0.35 1
468.2 0.35 1
469.3 0.35 1
470.4 0.35 1
