16.4 0.35 1
17.4 0.35 1
18.5 0.35 1
19.5 0.35 1
20.5 0.35 1
21.6 0.35 1
22.6 0.35 1
23.7 0.35 1
24.7 0.35 1
25.7 0.35 1
26.8 0.35 1
27.8 0.35 1
28.8 0.35 1
29.9 0.35 1
30.9 0.35 1
32.0 0.35 1
129.8 0.35 1
130.8 0.35 1
131.9 0.35 1
132.9 0.35 1
133.9 0.35 1
135.0 0.35 1
136.0 0.35 1
137.1 0.35 1
138.1 0.35 1
139.1 0.35 1
140.2 0.35 1
141.2 0.35 1
142.2 0.35 1
143.3 0.35 1
144.3 0.35 1
145.3 0.35 1
162.0 0.35 1
163.0 0.35 1
164.1 0.35 1
165.1 0.35 1
166.2 0.35 1
167.2 0.35 1
168.2 0.35 1
169.3 0.35 1
170.3 0.35 1
171.3 0.35 1
172.4 0.35 1
173.4 0.35 1
174.4 0.35 1
175.5 0.35 1
176.5 0.35 1
177.6 0.35 1
291.8 0.35 1
292.9 0.35 1
293.9 0.35 1
295.0 0.35 1
296.0 0.35 1
297.0 0.35 1
298.1 0.35 1
299.1 0.35 1
300.1 0.35 1
301.2 0.35 1
302.2 0.35 1
303.2 0.35 1
304.3 0.35 1
305.3 0.35 1
306.4 0.35 1
307.4 0.35 1
340.4 0.35 1
341.5 0.35 1
342.5 0.35 1
343.5 0.35 1
344.6 0.35 1
345.6 0.35 1
346.6 0.35 1
347.7 0.35 1
348.7 0.35 1
349.8 0.35 1
350.8 0.35 1
351.8 0.35 1
352.9 0.35 1
353.9 0.35 1
354.9 0.35 1
356.0 0.35 1
437.6 0.35 1
438.6 0.35 1
439.7 0.35 1
440.7 0.35 1
441.8 0.35 1
442.8 0.35 1
443.8 0.35 1
444.9 0.35 1
445.9 0.35 1
446.9 0.35 1
448.0 0.35 1
449.0 0.35 1
450.0 0.35 1
451.1 0.35 1
452.1 0.35 1
453.2 0.35 1
