32.5 0.35 1
33.6 0.35 1
34.7 0.35 1
35.8 0.35 1
36.9 0.35 1
38.0 0.35 1
39.1 0.35 1
40.3 0.35 1
41.4 0.35 1
42.5 0.35 1
43.5 0.35 1
44.5 0.35 1
45.7 0.35 1
46.7 0.35 1
47.8 0.35 1
48.9 0.35 1
84.1 0.35 1
85.3 0.35 1
86.4 0.35 1
87.5 0.35 1
88.7 0.35 1
89.7 0.35 1
90.8 0.35 1
91.9 0.35 1
93.0 0.35 1
94.2 0.35 1
95.3 0.35 1
96.4 0.35 1
97.5 0.35 1
98.6 0.35 1
99.6 0.35 1
100.8 0.35 1
181.8 0.35 1
182.9 0.35 1
184.1 0.35 1
185.2 0.35 1
186.3 0.35 1
187.4 0.35 1
188.5 0.35 1
189.6 0.35 1
190.6 0.35 1
191.7 0.35 1
192.9 0.35 1
194.0 0.35 1
195.0 0.35 1
196.1 0.35 1
197.2 0.35 1
198.3 0.35 1
295.8 0.35 1
297.0 0.35 1
298.0 0.35 1
299.2 0.35 1
300.2 0.35 1
301.3 0.35 1
302.4 0.35 1
303.5 0.35 1
304.6 0.35 1
305.6 0.35 1
306.7 0.35 1
307.8 0.35 1
308.9 0.35 1
310.0 0.35 1
311.1 0.35 1
312.2 0.35 1
346.2 0.35 1
347.4 0.35 1
348.5 0.35 1
349.7 0.35 1
350.8 0.35 1
352.0 0.35 1
353.0 0.35 1
354.0 0.35 1
355.2 0.35 1
356.2 0.35 1
357.4 0.35 1
358.4 0.35 1
359.5 0.35 1
360.6 0.35 1
361.7 0.35 1
362.9 0.35 1
463.4 0.35 1
464.5 0.35 1
465.6 0.35 1
466.8 0.35 1
467.8 0.35 1
468.9 0.35 1
469.9 0.35 1
471.0 0.35 1
472.1 0.35 1
473.3 0.35 1
474.4 0.35 1
475.5 0.35 1
476.6 0.35 1
477.7 0.35 1
478.7 0.35 1
479.9 0.35 1
