49.0 0.35 1
50.0 0.35 1
51.1 0.35 1
52.1 0.35 1
53.1 0.35 1
54.2 0.35 1
55.2 0.35 1
56.3 0.35 1
57.3 0.35 1
58.3 0.35 1
59.4 0.35 1
60.4 0.35 1
61.4 0.35 1
62.5 0.35 1
63.5 0.35 1
64.5 0.35 1
113.7 0.35 1
114.7 0.35 1
115.7 0.35 1
116.8 0.35 1
117.8 0.35 1
118.8 0.35 1
119.9 0.35 1
120.9 0.35 1
122.0 0.35 1
123.0 0.35 1
124.0 0.35 1
125.1 0.35 1
126.1 0.35 1
127.1 0.35 1
128.2 0.35 1
129.2 0.35 1
162.0 0.35 1
163.0 0.35 1
164.1 0.35 1
165.1 0.35 1
166.2 0.35 1
167.2 0.35 1
168.2 0.35 1
169.3 0.35 1
170.3 0.35 1
171.3 0.35 1
172.4 0.35 1
173.4 0.35 1
174.4 0.35 1
175.5 0.35 1
176.5 0.35 1
177.6 0.35 1
259.2 0.35 1
260.2 0.35 1
261.3 0.35 1
262.3 0.35 1
263.4 0.35 1
264.4 0.35 1
265.4 0.35 1
266.5 0.35 1
267.5 0.35 1
268.5 0.35 1
269.6 0.35 1
270.6 0.35 1
271.6 0.35 1
272.7 0.35 1
273.7 0.35 1
274.8 0.35 1
372.8 0.35 1
373.9 0.35 1
374.9 0.35 1
375.9 0.35 1
377.0 0.35 1
378.0 0.35 1
379.0 0.35 1
380.1 0.35 1
381.1 0.35 1
382.1 0.35 1
383.2 0.35 1
384.2 0.35 1
385.3 0.35 1
386.3 0.35 1
387.3 0.35 1
388.4 0.35 1
405.0 0.35 1
406.0 0.35 1
407.0 0.35 1
408.1 0.35 1
409.1 0.35 1
410.1 0.35 1
411.2 0.35 1
412.2 0.35 1
413.3 0.35 1
414.3 0.35 1
415.3 0.35 1
416.4 0.35 1
417.4 0.35 1
418.4 0.35 1
419.5 0.35 1
420.5 0.35 1
