16.5 0.35 1
17.6 0.35 1
18.7 0.35 1
19.8 0.35 1
20.8 0.35 1
21.9 0.35 1
23.0 0.35 1
24.1 0.35 1
25.1 0.35 1
26.1 0.35 1
27.2 0.35 1
28.2 0.35 1
29.3 0.35 1
30.3 0.35 1
31.4 0.35 1
32.4 0.35 1
131.0 0.35 1
132.0 0.35 1
133.0 0.35 1
134.1 0.35 1
135.1 0.35 1
136.1 0.35 1
137.2 0.35 1
138.3 0.35 1
139.3 0.35 1
140.3 0.35 1
141.4 0.35 1
142.5 0.35 1
143.5 0.35 1
144.5 0.35 1
145.6 0.35 1
146.6 0.35 1
162.0 0.35 1
163.1 0.35 1
164.1 0.35 1
165.2 0.35 1
166.2 0.35 1
167.2 0.35 1
168.3 0.35 1
169.4 0.35 1
170.4 0.35 1
171.4 0.35 1
172.5 0.35 1
173.5 0.35 1
174.5 0.35 1
175.6 0.35 1
176.6 0.35 1
177.7 0.35 1
292.9 0.35 1
294.0 0.35 1
295.1 0.35 1
296.1 0.35 1
297.1 0.35 1
298.3 0.35 1
299.3 0.35 1
300.4 0.35 1
301.4 0.35 1
302.5 0.35 1
303.6 0.35 1
304.7 0.35 1
305.8 0.35 1
306.8 0.35 1
307.9 0.35 1
309.0 0.35 1
344.8 0.35 1
345.9 0.35 1
347.0 0.35 1
348.1 0.35 1
349.2 0.35 1
350.3 0.35 1
351.4 0.35 1
352.4 0.35 1
353.5 0.35 1
354.6 0.35 1
355.7 0.35 1
356.7 0.35 1
357.8 0.35 1
358.9 0.35 1
359.9 0.35 1
361.1 0.35 1
445.0 0.35 1
446.0 0.35 1
447.0 0.35 1
448.1 0.35 1
449.2 0.35 1
450.2 0.35 1
451.3 0.35 1
452.4 0.35 1
453.5 0.35 1
454.6 0.35 1
455.7 0.35 1
456.7 0.35 1
457.9 0.35 1
458.9 0.35 1
459.9 0.35 1
461.0 0.35 1
