32.9 0.35 1
34.0 0.35 1
35.1 0.35 1
36.2 0.35 1
37.4 0.35 1
38.5 0.35 1
39.6 0.35 1
40.7 0.35 1
41.8 0.35 1
42.8 0.35 1
43.9 0.35 1
45.0 0.35 1
46.0 0.35 1
47.1 0.35 1
48.2 0.35 1
49.3 0.35 1
81.1 0.35 1
82.2 0.35 1
83.3 0.35 1
84.4 0.35 1
85.5 0.35 1
86.6 0.35 1
87.7 0.35 1
88.8 0.35 1
89.9 0.35 1
91.1 0.35 1
92.3 0.35 1
93.4 0.35 1
94.5 0.35 1
95.6 0.35 1
96.7 0.35 1
97.9 0.35 1
211.1 0.35 1
212.2 0.35 1
213.3 0.35 1
214.4 0.35 1
215.4 0.35 1
216.6 0.35 1
217.7 0.35 1
218.8 0.35 1
219.8 0.35 1
220.9 0.35 1
222.0 0.35 1
223.1 0.35 1
224.1 0.35 1
225.2 0.35 1
226.3 0.35 1
227.3 0.35 1
275.5 0.35 1
276.6 0.35 1
277.7 0.35 1
278.9 0.35 1
280.0 0.35 1
281.1 0.35 1
282.1 0.35 1
283.2 0.35 1
284.4 0.35 1
285.5 0.35 1
286.5 0.35 1
287.7 0.35 1
288.7 0.35 1
289.9 0.35 1
291.0 0.35 1
292.1 0.35 1
324.1 0.35 1
325.2 0.35 1
326.3 0.35 1
327.4 0.35 1
328.5 0.35 1
329.6 0.35 1
330.7 0.35 1
331.7 0.35 1
332.9 0.35 1
334.0 0.35 1
335.1 0.35 1
336.2 0.35 1
337.3 0.35 1
338.5 0.35 1
339.6 0.35 1
340.6 0.35 1
421.4 0.35 1
422.5 0.35 1
423.6 0.35 1
424.8 0.35 1
425.8 0.35 1
426.9 0.35 1
428.0 0.35 1
429.1 0.35 1
430.3 0.35 1
431.4 0.35 1
432.5 0.35 1
433.6 0.35 1
434.7 0.35 1
435.7 0.35 1
436.8 0.35 1
438.0 0.35 1
