49.1 0.35 1
50.1 0.35 1
51.1 0.35 1
52.1 0.35 1
53.1 0.35 1
54.1 0.35 1
55.1 0.35 1
56.1 0.35 1
57.1 0.35 1
58.2 0.35 1
59.2 0.35 1
60.2 0.35 1
61.2 0.35 1
62.2 0.35 1
63.2 0.35 1
64.2 0.35 1
113.5 0.35 1
114.5 0.35 1
115.5 0.35 1
116.5 0.35 1
117.5 0.35 1
118.5 0.35 1
119.5 0.35 1
120.5 0.35 1
121.5 0.35 1
122.5 0.35 1
123.5 0.35 1
124.5 0.35 1
125.6 0.35 1
126.6 0.35 1
127.6 0.35 1
128.6 0.35 1
194.6 0.35 1
195.6 0.35 1
196.7 0.35 1
197.7 0.35 1
198.7 0.35 1
199.7 0.35 1
200.7 0.35 1
201.7 0.35 1
202.7 0.35 1
203.7 0.35 1
204.7 0.35 1
205.7 0.35 1
206.7 0.35 1
207.7 0.35 1
208.7 0.35 1
209.7 0.35 1
259.1 0.35 1
260.1 0.35 1
261.1 0.35 1
262.1 0.35 1
263.1 0.35 1
264.1 0.35 1
265.1 0.35 1
266.1 0.35 1
267.1 0.35 1
268.1 0.35 1
269.1 0.35 1
270.1 0.35 1
271.1 0.35 1
272.2 0.35 1
273.2 0.35 1
274.2 0.35 1
373.0 0.35 1
374.0 0.35 1
375.0 0.35 1
376.0 0.35 1
377.0 0.35 1
378.0 0.35 1
379.0 0.35 1
380.0 0.35 1
381.0 0.35 1
382.0 0.35 1
383.0 0.35 1
384.0 0.35 1
385.0 0.35 1
386.0 0.35 1
387.0 0.35 1
388.1 0.35 1
404.9 0.35 1
405.9 0.35 1
407.0 0.35 1
408.0 0.35 1
409.0 0.35 1
410.0 0.35 1
411.0 0.35 1
412.0 0.35 1
413.0 0.35 1
414.0 0.35 1
415.0 0.35 1
416.0 0.35 1
417.0 0.35 1
418.0 0.35 1
419.0 0.35 1
420.0 0.35 1
