32.9 0.35 1
34.0 0.35 1
35.0 0.35 1
36.0 0.35 1
37.0 0.35 1
38.0 0.35 1
39.1 0.35 1
40.1 0.35 1
41.1 0.35 1
42.1 0.35 1
43.2 0.35 1
44.2 0.35 1
45.2 0.35 1
46.2 0.35 1
47.3 0.35 1
48.3 0.35 1
81.0 0.35 1
82.0 0.35 1
83.1 0.35 1
84.1 0.35 1
85.1 0.35 1
86.1 0.35 1
87.1 0.35 1
88.2 0.35 1
89.2 0.35 1
90.2 0.35 1
91.2 0.35 1
92.3 0.35 1
93.3 0.35 1
94.3 0.35 1
95.3 0.35 1
96.4 0.35 1
211.2 0.35 1
212.3 0.35 1
213.3 0.35 1
214.3 0.35 1
215.3 0.35 1
216.4 0.35 1
217.4 0.35 1
218.4 0.35 1
219.4 0.35 1
220.5 0.35 1
221.5 0.35 1
222.5 0.35 1
223.5 0.35 1
224.6 0.35 1
225.6 0.35 1
226.6 0.35 1
275.6 0.35 1
276.6 0.35 1
277.6 0.35 1
278.7 0.35 1
279.7 0.35 1
280.7 0.35 1
281.8 0.35 1
282.8 0.35 1
283.8 0.35 1
284.8 0.35 1
285.9 0.35 1
286.9 0.35 1
287.9 0.35 1
288.9 0.35 1
290.0 0.35 1
291.0 0.35 1
324.0 0.35 1
325.0 0.35 1
326.0 0.35 1
327.1 0.35 1
328.1 0.35 1
329.1 0.35 1
330.1 0.35 1
331.1 0.35 1
332.2 0.35 1
333.2 0.35 1
334.2 0.35 1
335.2 0.35 1
336.3 0.35 1
337.3 0.35 1
338.3 0.35 1
339.3 0.35 1
421.3 0.35 1
422.3 0.35 1
423.3 0.35 1
424.3 0.35 1
425.4 0.35 1
426.4 0.35 1
427.4 0.35 1
428.4 0.35 1
429.5 0.35 1
430.5 0.35 1
431.5 0.35 1
432.5 0.35 1
433.6 0.35 1
434.6 0.35 1
435.6 0.35 1
436.6 0.35 1
