16.8 0.35 1
17.8 0.35 1
18.9 0.35 1
20.0 0.35 1
21.2 0.35 1
22.2 0.35 1
23.3 0.35 1
24.4 0.35 1
25.4 0.35 1
26.4 0.35 1
27.5 0.35 1
28.6 0.35 1
29.7 0.35 1
30.8 0.35 1
31.8 0.35 1
32.9 0.35 1
134.3 0.35 1
135.3 0.35 1
136.4 0.35 1
137.4 0.35 1
138.5 0.35 1
139.6 0.35 1
140.7 0.35 1
141.8 0.35 1
142.9 0.35 1
143.9 0.35 1
145.0 0.35 1
146.1 0.35 1
147.2 0.35 1
148.2 0.35 1
149.3 0.35 1
150.4 0.35 1
168.1 0.35 1
169.2 0.35 1
170.2 0.35 1
171.4 0.35 1
172.4 0.35 1
173.5 0.35 1
174.5 0.35 1
175.5 0.35 1
176.6 0.35 1
177.6 0.35 1
178.6 0.35 1
179.7 0.35 1
180.7 0.35 1
181.7 0.35 1
182.8 0.35 1
184.0 0.35 1
302.4 0.35 1
303.6 0.35 1
304.7 0.35 1
305.8 0.35 1
306.8 0.35 1
308.0 0.35 1
309.0 0.35 1
310.1 0.35 1
311.1 0.35 1
312.2 0.35 1
313.3 0.35 1
314.4 0.35 1
315.5 0.35 1
316.6 0.35 1
317.7 0.35 1
318.9 0.35 1
354.0 0.35 1
355.1 0.35 1
356.2 0.35 1
357.4 0.35 1
358.5 0.35 1
359.6 0.35 1
360.7 0.35 1
361.8 0.35 1
362.9 0.35 1
363.9 0.35 1
365.1 0.35 1
366.1 0.35 1
367.2 0.35 1
368.4 0.35 1
369.4 0.35 1
370.6 0.35 1
454.3 0.35 1
455.4 0.35 1
456.4 0.35 1
457.4 0.35 1
458.5 0.35 1
459.6 0.35 1
460.7 0.35 1
461.8 0.35 1
462.8 0.35 1
463.9 0.35 1
465.0 0.35 1
466.1 0.35 1
467.2 0.35 1
468.2 0.35 1
469.3 0.35 1
470.3 0.35 1
