32.7 0.35 1
33.8 0.35 1
34.9 0.35 1
36.0 0.35 1
37.1 0.35 1
38.2 0.35 1
39.3 0.35 1
40.5 0.35 1
41.5 0.35 1
42.7 0.35 1
43.7 0.35 1
44.7 0.35 1
45.9 0.35 1
47.0 0.35 1
48.1 0.35 1
49.2 0.35 1
84.1 0.35 1
85.2 0.35 1
86.3 0.35 1
87.5 0.35 1
88.5 0.35 1
89.5 0.35 1
90.7 0.35 1
91.9 0.35 1
93.0 0.35 1
94.1 0.35 1
95.2 0.35 1
96.3 0.35 1
97.4 0.35 1
98.6 0.35 1
99.6 0.35 1
100.7 0.35 1
181.8 0.35 1
182.8 0.35 1
183.9 0.35 1
185.1 0.35 1
186.3 0.35 1
187.4 0.35 1
188.4 0.35 1
189.5 0.35 1
190.5 0.35 1
191.6 0.35 1
192.7 0.35 1
193.8 0.35 1
194.9 0.35 1
195.9 0.35 1
197.0 0.35 1
198.1 0.35 1
295.6 0.35 1
296.7 0.35 1
297.8 0.35 1
298.9 0.35 1
300.0 0.35 1
301.0 0.35 1
302.2 0.35 1
303.2 0.35 1
304.3 0.35 1
305.3 0.35 1
306.5 0.35 1
307.6 0.35 1
308.7 0.35 1
309.9 0.35 1
310.9 0.35 1
312.1 0.35 1
346.2 0.35 1
347.4 0.35 1
348.5 0.35 1
349.7 0.35 1
350.8 0.35 1
351.9 0.35 1
353.1 0.35 1
354.1 0.35 1
355.2 0.35 1
356.3 0.35 1
357.4 0.35 1
358.4 0.35 1
359.6 0.35 1
360.8 0.35 1
361.9 0.35 1
363.0 0.35 1
463.3 0.35 1
464.5 0.35 1
465.6 0.35 1
466.7 0.35 1
467.7 0.35 1
468.9 0.35 1
469.9 0.35 1
471.0 0.35 1
472.1 0.35 1
473.2 0.35 1
474.4 0.35 1
475.6 0.35 1
476.7 0.35 1
477.7 0.35 1
478.8 0.35 1
479.8 0.35 1
