0.0 0.35 1
1.0 0.35 1
2.0 0.35 1
3.1 0.35 1
4.1 0.35 1
5.1 0.35 1
6.1 0.35 1
7.1 0.35 1
8.2 0.35 1
9.2 0.35 1
10.2 0.35 1
11.2 0.35 1
12.2 0.35 1
13.3 0.35 1
14.3 0.35 1
15.3 0.35 1
102.0 0.35 1
103.0 0.35 1
104.0 0.35 1
105.0 0.35 1
106.1 0.35 1
107.1 0.35 1
108.1 0.35 1
109.1 0.35 1
110.1 0.35 1
111.2 0.35 1
112.2 0.35 1
113.2 0.35 1
114.2 0.35 1
115.2 0.35 1
116.2 0.35 1
117.3 0.35 1
218.7 0.35 1
219.7 0.35 1
220.7 0.35 1
221.7 0.35 1
222.8 0.35 1
223.8 0.35 1
224.8 0.35 1
225.8 0.35 1
226.8 0.35 1
227.9 0.35 1
228.9 0.35 1
229.9 0.35 1
230.9 0.35 1
231.9 0.35 1
233.0 0.35 1
234.0 0.35 1
284.9 0.35 1
285.9 0.35 1
286.9 0.35 1
287.9 0.35 1
289.0 0.35 1
290.0 0.35 1
291.0 0.35 1
292.0 0.35 1
293.0 0.35 1
294.1 0.35 1
295.1 0.35 1
296.1 0.35 1
297.1 0.35 1
298.1 0.35 1
299.2 0.35 1
300.2 0.35 1
336.0 0.35 1
337.0 0.35 1
338.0 0.35 1
339.0 0.35 1
340.1 0.35 1
341.1 0.35 1
342.1 0.35 1
343.1 0.35 1
344.1 0.35 1
345.2 0.35 1
346.2 0.35 1
347.2 0.35 1
348.2 0.35 1
349.2 0.35 1
350.2 0.35 1
351.3 0.35 1
436.6 0.35 1
437.6 0.35 1
438.6 0.35 1
439.6 0.35 1
440.6 0.35 1
441.7 0.35 1
442.7 0.35 1
443.7 0.35 1
444.7 0.35 1
445.7 0.35 1
446.8 0.35 1
447.8 0.35 1
448.8 0.35 1
449.8 0.35 1
450.8 0.35 1
451.9 0.35 1
