50.8 0.35 1
51.9 0.35 1
52.9 0.35 1
54.0 0.35 1
55.1 0.35 1
56.2 0.35 1
57.2 0.35 1
58.3 0.35 1
59.4 0.35 1
60.4 0.35 1
61.5 0.35 1
62.6 0.35 1
63.8 0.35 1
64.8 0.35 1
65.9 0.35 1
66.9 0.35 1
118.3 0.35 1
119.4 0.35 1
120.5 0.35 1
121.5 0.35 1
122.5 0.35 1
123.7 0.35 1
124.7 0.35 1
125.9 0.35 1
127.0 0.35 1
128.0 0.35 1
129.1 0.35 1
130.2 0.35 1
131.3 0.35 1
132.3 0.35 1
133.4 0.35 1
134.5 0.35 1
168.1 0.35 1
169.1 0.35 1
170.2 0.35 1
171.3 0.35 1
172.3 0.35 1
173.4 0.35 1
174.4 0.35 1
175.4 0.35 1
176.5 0.35 1
177.5 0.35 1
178.6 0.35 1
179.6 0.35 1
180.6 0.35 1
181.7 0.35 1
182.8 0.35 1
183.9 0.35 1
268.4 0.35 1
269.6 0.35 1
270.7 0.35 1
271.8 0.35 1
272.8 0.35 1
273.9 0.35 1
275.0 0.35 1
276.1 0.35 1
277.1 0.35 1
278.2 0.35 1
279.3 0.35 1
280.4 0.35 1
281.5 0.35 1
282.6 0.35 1
283.7 0.35 1
284.8 0.35 1
386.7 0.35 1
387.8 0.35 1
389.0 0.35 1
390.0 0.35 1
391.1 0.35 1
392.2 0.35 1
393.3 0.35 1
394.3 0.35 1
395.4 0.35 1
396.5 0.35 1
397.5 0.35 1
398.6 0.35 1
399.7 0.35 1
400.8 0.35 1
401.8 0.35 1
403.0 0.35 1
420.0 0.35 1
421.0 0.35 1
422.1 0.35 1
423.1 0.35 1
424.2 0.35 1
425.3 0.35 1
426.3 0.35 1
427.5 0.35 1
428.5 0.35 1
429.6 0.35 1
430.7 0.35 1
431.7 0.35 1
432.9 0.35 1
433.9 0.35 1
435.0 0.35 1
436.0 0.35 1
