32.7 0.35 1
33.9 0.35 1
35.0 0.35 1
36.0 0.35 1
37.2 0.35 1
38.3 0.35 1
39.5 0.35 1
40.5 0.35 1
41.6 0.35 1
42.8 0.35 1
43.8 0.35 1
44.9 0.35 1
46.0 0.35 1
47.1 0.35 1
48.2 0.35 1
49.3 0.35 1
81.1 0.35 1
82.2 0.35 1
83.4 0.35 1
84.5 0.35 1
85.6 0.35 1
86.7 0.35 1
87.8 0.35 1
89.0 0.35 1
90.2 0.35 1
91.4 0.35 1
92.5 0.35 1
93.6 0.35 1
94.7 0.35 1
95.8 0.35 1
96.9 0.35 1
98.0 0.35 1
181.7 0.35 1
182.7 0.35 1
183.9 0.35 1
185.0 0.35 1
186.2 0.35 1
187.3 0.35 1
188.3 0.35 1
189.5 0.35 1
190.6 0.35 1
191.7 0.35 1
192.8 0.35 1
193.9 0.35 1
194.9 0.35 1
196.0 0.35 1
197.1 0.35 1
198.2 0.35 1
295.3 0.35 1
296.4 0.35 1
297.5 0.35 1
298.7 0.35 1
299.7 0.35 1
300.8 0.35 1
301.9 0.35 1
303.0 0.35 1
304.0 0.35 1
305.1 0.35 1
306.3 0.35 1
307.4 0.35 1
308.5 0.35 1
309.6 0.35 1
310.8 0.35 1
311.9 0.35 1
343.4 0.35 1
344.5 0.35 1
345.6 0.35 1
346.7 0.35 1
347.8 0.35 1
349.0 0.35 1
350.0 0.35 1
351.1 0.35 1
352.2 0.35 1
353.3 0.35 1
354.4 0.35 1
355.4 0.35 1
356.6 0.35 1
357.8 0.35 1
358.9 0.35 1
360.1 0.35 1
460.3 0.35 1
461.4 0.35 1
462.6 0.35 1
463.7 0.35 1
464.8 0.35 1
466.0 0.35 1
467.0 0.35 1
468.1 0.35 1
469.3 0.35 1
470.4 0.35 1
471.5 0.35 1
472.6 0.35 1
473.8 0.35 1
474.8 0.35 1
476.0 0.35 1
477.1 0.35 1
