51.8 0.35 1
52.8 0.35 1
53.8 0.35 1
54.8 0.35 1
55.9 0.35 1
56.9 0.35 1
57.9 0.35 1
58.9 0.35 1
59.9 0.35 1
61.0 0.35 1
62.0 0.35 1
63.0 0.35 1
64.0 0.35 1
65.0 0.35 1
66.1 0.35 1
67.1 0.35 1
117.9 0.35 1
118.9 0.35 1
119.9 0.35 1
121.0 0.35 1
122.0 0.35 1
123.0 0.35 1
124.0 0.35 1
125.0 0.35 1
126.1 0.35 1
127.1 0.35 1
128.1 0.35 1
129.1 0.35 1
130.1 0.35 1
131.2 0.35 1
132.2 0.35 1
133.2 0.35 1
201.3 0.35 1
202.4 0.35 1
203.4 0.35 1
204.4 0.35 1
205.4 0.35 1
206.4 0.35 1
207.5 0.35 1
208.5 0.35 1
209.5 0.35 1
210.5 0.35 1
211.5 0.35 1
212.6 0.35 1
213.6 0.35 1
214.6 0.35 1
215.6 0.35 1
216.6 0.35 1
268.3 0.35 1
269.3 0.35 1
270.3 0.35 1
271.4 0.35 1
272.4 0.35 1
273.4 0.35 1
274.4 0.35 1
275.4 0.35 1
276.5 0.35 1
277.5 0.35 1
278.5 0.35 1
279.5 0.35 1
280.5 0.35 1
281.6 0.35 1
282.6 0.35 1
283.6 0.35 1
387.9 0.35 1
388.9 0.35 1
389.9 0.35 1
390.9 0.35 1
391.9 0.35 1
393.0 0.35 1
394.0 0.35 1
395.0 0.35 1
396.0 0.35 1
397.0 0.35 1
398.0 0.35 1
399.1 0.35 1
400.1 0.35 1
401.1 0.35 1
402.1 0.35 1
403.1 0.35 1
420.0 0.35 1
421.0 0.35 1
422.0 0.35 1
423.0 0.35 1
424.0 0.35 1
425.1 0.35 1
426.1 0.35 1
427.1 0.35 1
428.1 0.35 1
429.1 0.35 1
430.2 0.35 1
431.2 0.35 1
432.2 0.35 1
433.2 0.35 1
434.2 0.35 1
435.3 0.35 1
