32.3 0.35 1
33.4 0.35 1
34.6 0.35 1
35.6 0.35 1
36.7 0.35 1
37.8 0.35 1
38.9 0.35 1
40.1 0.35 1
41.2 0.35 1
42.4 0.35 1
43.4 0.35 1
44.4 0.35 1
45.5 0.35 1
46.7 0.35 1
47.7 0.35 1
48.8 0.35 1
81.1 0.35 1
82.2 0.35 1
83.3 0.35 1
84.5 0.35 1
85.6 0.35 1
86.6 0.35 1
87.7 0.35 1
88.9 0.35 1
90.0 0.35 1
91.1 0.35 1
92.3 0.35 1
93.4 0.35 1
94.5 0.35 1
95.6 0.35 1
96.6 0.35 1
97.7 0.35 1
178.6 0.35 1
179.7 0.35 1
180.9 0.35 1
181.9 0.35 1
183.1 0.35 1
184.2 0.35 1
185.2 0.35 1
186.4 0.35 1
187.5 0.35 1
188.6 0.35 1
189.7 0.35 1
190.8 0.35 1
191.8 0.35 1
192.9 0.35 1
194.0 0.35 1
195.1 0.35 1
291.9 0.35 1
293.0 0.35 1
294.1 0.35 1
295.3 0.35 1
296.3 0.35 1
297.3 0.35 1
298.5 0.35 1
299.5 0.35 1
300.7 0.35 1
301.7 0.35 1
302.9 0.35 1
304.0 0.35 1
305.1 0.35 1
306.2 0.35 1
307.3 0.35 1
308.4 0.35 1
340.2 0.35 1
341.3 0.35 1
342.4 0.35 1
343.5 0.35 1
344.6 0.35 1
345.7 0.35 1
346.8 0.35 1
347.8 0.35 1
348.9 0.35 1
350.1 0.35 1
351.2 0.35 1
352.2 0.35 1
353.3 0.35 1
354.4 0.35 1
355.6 0.35 1
356.7 0.35 1
453.9 0.35 1
455.0 0.35 1
456.1 0.35 1
457.2 0.35 1
458.3 0.35 1
459.5 0.35 1
460.5 0.35 1
461.6 0.35 1
462.7 0.35 1
463.8 0.35 1
464.9 0.35 1
466.1 0.35 1
467.2 0.35 1
468.2 0.35 1
469.4 0.35 1
470.5 0.35 1
