0.0 0.35 1
1.0 0.35 1
2.0 0.35 1
3.1 0.35 1
4.1 0.35 1
5.1 0.35 1
6.1 0.35 1
7.1 0.35 1
8.2 0.35 1
9.2 0.35 1
10.2 0.35 1
11.2 0.35 1
12.2 0.35 1
13.3 0.35 1
14.3 0.35 1
15.3 0.35 1
98.8 0.35 1
99.8 0.35 1
100.8 0.35 1
101.8 0.35 1
102.9 0.35 1
103.9 0.35 1
104.9 0.35 1
105.9 0.35 1
106.9 0.35 1
107.9 0.35 1
109.0 0.35 1
110.0 0.35 1
111.0 0.35 1
112.0 0.35 1
113.0 0.35 1
114.1 0.35 1
215.7 0.35 1
216.7 0.35 1
217.7 0.35 1
218.7 0.35 1
219.7 0.35 1
220.8 0.35 1
221.8 0.35 1
222.8 0.35 1
223.8 0.35 1
224.8 0.35 1
225.9 0.35 1
226.9 0.35 1
227.9 0.35 1
228.9 0.35 1
229.9 0.35 1
231.0 0.35 1
279.9 0.35 1
281.0 0.35 1
282.0 0.35 1
283.0 0.35 1
284.0 0.35 1
285.0 0.35 1
286.1 0.35 1
287.1 0.35 1
288.1 0.35 1
289.1 0.35 1
290.1 0.35 1
291.2 0.35 1
292.2 0.35 1
293.2 0.35 1
294.2 0.35 1
295.2 0.35 1
330.0 0.35 1
331.0 0.35 1
332.0 0.35 1
333.0 0.35 1
334.1 0.35 1
335.1 0.35 1
336.1 0.35 1
337.1 0.35 1
338.1 0.35 1
339.2 0.35 1
340.2 0.35 1
341.2 0.35 1
342.2 0.35 1
343.2 0.35 1
344.3 0.35 1
345.3 0.35 1
431.0 0.35 1
432.0 0.35 1
433.0 0.35 1
434.0 0.35 1
435.1 0.35 1
436.1 0.35 1
437.1 0.35 1
438.1 0.35 1
439.1 0.35 1
440.1 0.35 1
441.2 0.35 1
442.2 0.35 1
443.2 0.35 1
444.2 0.35 1
445.2 0.35 1
446.3 0.35 1
