32.8 0.35 1
33.8 0.35 1
34.9 0.35 1
36.0 0.35 1
37.2 0.35 1
38.3 0.35 1
39.4 0.35 1
40.5 0.35 1
41.6 0.35 1
42.7 0.35 1
43.8 0.35 1
44.8 0.35 1
45.9 0.35 1
47.0 0.35 1
48.1 0.35 1
49.2 0.35 1
81.1 0.35 1
82.2 0.35 1
83.4 0.35 1
84.5 0.35 1
85.6 0.35 1
86.7 0.35 1
87.8 0.35 1
89.0 0.35 1
90.1 0.35 1
91.2 0.35 1
92.4 0.35 1
93.5 0.35 1
94.5 0.35 1
95.6 0.35 1
96.7 0.35 1
97.9 0.35 1
210.9 0.35 1
212.0 0.35 1
213.1 0.35 1
214.1 0.35 1
215.2 0.35 1
216.3 0.35 1
217.4 0.35 1
218.5 0.35 1
219.5 0.35 1
220.7 0.35 1
221.7 0.35 1
222.8 0.35 1
223.9 0.35 1
224.9 0.35 1
226.1 0.35 1
227.1 0.35 1
275.3 0.35 1
276.4 0.35 1
277.6 0.35 1
278.7 0.35 1
279.8 0.35 1
280.9 0.35 1
282.0 0.35 1
283.0 0.35 1
284.2 0.35 1
285.3 0.35 1
286.3 0.35 1
287.4 0.35 1
288.5 0.35 1
289.7 0.35 1
290.8 0.35 1
291.9 0.35 1
324.1 0.35 1
325.3 0.35 1
326.3 0.35 1
327.5 0.35 1
328.5 0.35 1
329.6 0.35 1
330.7 0.35 1
331.7 0.35 1
332.9 0.35 1
334.0 0.35 1
335.0 0.35 1
336.1 0.35 1
337.2 0.35 1
338.4 0.35 1
339.5 0.35 1
340.5 0.35 1
421.2 0.35 1
422.4 0.35 1
423.6 0.35 1
424.7 0.35 1
425.8 0.35 1
426.9 0.35 1
428.1 0.35 1
429.1 0.35 1
430.2 0.35 1
431.3 0.35 1
432.5 0.35 1
433.7 0.35 1
434.7 0.35 1
435.8 0.35 1
437.0 0.35 1
438.1 0.35 1
