16.3 0.35 1
17.3 0.35 1
18.4 0.35 1
19.4 0.35 1
20.4 0.35 1
21.4 0.35 1
22.4 0.35 1
23.5 0.35 1
24.5 0.35 1
25.5 0.35 1
26.5 0.35 1
27.5 0.35 1
28.5 0.35 1
29.6 0.35 1
30.6 0.35 1
31.6 0.35 1
134.6 0.35 1
135.7 0.35 1
136.7 0.35 1
137.7 0.35 1
138.7 0.35 1
139.7 0.35 1
140.7 0.35 1
141.8 0.35 1
142.8 0.35 1
143.8 0.35 1
144.8 0.35 1
145.8 0.35 1
146.9 0.35 1
147.9 0.35 1
148.9 0.35 1
149.9 0.35 1
199.1 0.35 1
200.2 0.35 1
201.2 0.35 1
202.2 0.35 1
203.2 0.35 1
204.2 0.35 1
205.3 0.35 1
206.3 0.35 1
207.3 0.35 1
208.3 0.35 1
209.3 0.35 1
210.4 0.35 1
211.4 0.35 1
212.4 0.35 1
213.4 0.35 1
214.4 0.35 1
246.0 0.35 1
247.0 0.35 1
248.0 0.35 1
249.0 0.35 1
250.1 0.35 1
251.1 0.35 1
252.1 0.35 1
253.1 0.35 1
254.1 0.35 1
255.2 0.35 1
256.2 0.35 1
257.2 0.35 1
258.2 0.35 1
259.2 0.35 1
260.3 0.35 1
261.3 0.35 1
361.1 0.35 1
362.1 0.35 1
363.1 0.35 1
364.1 0.35 1
365.2 0.35 1
366.2 0.35 1
367.2 0.35 1
368.2 0.35 1
369.2 0.35 1
370.3 0.35 1
371.3 0.35 1
372.3 0.35 1
373.3 0.35 1
374.3 0.35 1
375.4 0.35 1
376.4 0.35 1
440.9 0.35 1
441.9 0.35 1
442.9 0.35 1
444.0 0.35 1
445.0 0.35 1
446.0 0.35 1
447.0 0.35 1
448.0 0.35 1
449.1 0.35 1
450.1 0.35 1
451.1 0.35 1
452.1 0.35 1
453.1 0.35 1
454.2 0.35 1
455.2 0.35 1
456.2 0.35 1
