50.3 0.35 1
51.3 0.35 1
52.4 0.35 1
53.4 0.35 1
54.4 0.35 1
55.5 0.35 1
56.5 0.35 1
57.5 0.35 1
58.6 0.35 1
59.6 0.35 1
60.7 0.35 1
61.7 0.35 1
62.7 0.35 1
63.8 0.35 1
64.8 0.35 1
65.8 0.35 1
115.3 0.35 1
116.3 0.35 1
117.4 0.35 1
118.4 0.35 1
119.5 0.35 1
120.5 0.35 1
121.5 0.35 1
122.6 0.35 1
123.6 0.35 1
124.6 0.35 1
125.7 0.35 1
126.7 0.35 1
127.7 0.35 1
128.8 0.35 1
129.8 0.35 1
130.9 0.35 1
165.0 0.35 1
166.0 0.35 1
167.1 0.35 1
168.1 0.35 1
169.2 0.35 1
170.2 0.35 1
171.2 0.35 1
172.3 0.35 1
173.3 0.35 1
174.3 0.35 1
175.4 0.35 1
176.4 0.35 1
177.4 0.35 1
178.5 0.35 1
179.5 0.35 1
180.6 0.35 1
262.3 0.35 1
263.3 0.35 1
264.4 0.35 1
265.4 0.35 1
266.5 0.35 1
267.5 0.35 1
268.5 0.35 1
269.6 0.35 1
270.6 0.35 1
271.6 0.35 1
272.7 0.35 1
273.7 0.35 1
274.7 0.35 1
275.8 0.35 1
276.8 0.35 1
277.9 0.35 1
377.4 0.35 1
378.5 0.35 1
379.5 0.35 1
380.5 0.35 1
381.6 0.35 1
382.6 0.35 1
383.6 0.35 1
384.7 0.35 1
385.7 0.35 1
386.8 0.35 1
387.8 0.35 1
388.8 0.35 1
389.9 0.35 1
390.9 0.35 1
391.9 0.35 1
393.0 0.35 1
411.0 0.35 1
412.0 0.35 1
413.1 0.35 1
414.1 0.35 1
415.1 0.35 1
416.2 0.35 1
417.2 0.35 1
418.2 0.35 1
419.3 0.35 1
420.3 0.35 1
421.4 0.35 1
422.4 0.35 1
423.4 0.35 1
424.5 0.35 1
425.5 0.35 1
426.5 0.35 1
