32.7 0.35 1
33.8 0.35 1
34.9 0.35 1
36.0 0.35 1
37.1 0.35 1
38.2 0.35 1
39.3 0.35 1
40.4 0.35 1
41.5 0.35 1
42.6 0.35 1
43.7 0.35 1
44.7 0.35 1
45.8 0.35 1
46.9 0.35 1
48.0 0.35 1
49.1 0.35 1
84.1 0.35 1
85.2 0.35 1
86.4 0.35 1
87.5 0.35 1
88.6 0.35 1
89.6 0.35 1
90.7 0.35 1
91.9 0.35 1
93.0 0.35 1
94.0 0.35 1
95.1 0.35 1
96.2 0.35 1
97.3 0.35 1
98.4 0.35 1
99.5 0.35 1
100.6 0.35 1
181.7 0.35 1
182.8 0.35 1
183.9 0.35 1
185.1 0.35 1
186.3 0.35 1
187.4 0.35 1
188.5 0.35 1
189.6 0.35 1
190.6 0.35 1
191.7 0.35 1
192.8 0.35 1
193.9 0.35 1
194.9 0.35 1
195.9 0.35 1
197.0 0.35 1
198.2 0.35 1
295.6 0.35 1
296.7 0.35 1
297.9 0.35 1
299.0 0.35 1
300.0 0.35 1
301.0 0.35 1
302.2 0.35 1
303.2 0.35 1
304.3 0.35 1
305.3 0.35 1
306.5 0.35 1
307.6 0.35 1
308.7 0.35 1
309.9 0.35 1
311.0 0.35 1
312.1 0.35 1
346.2 0.35 1
347.3 0.35 1
348.5 0.35 1
349.7 0.35 1
350.8 0.35 1
351.9 0.35 1
353.0 0.35 1
354.0 0.35 1
355.1 0.35 1
356.3 0.35 1
357.4 0.35 1
358.4 0.35 1
359.5 0.35 1
360.7 0.35 1
361.9 0.35 1
363.0 0.35 1
463.4 0.35 1
464.5 0.35 1
465.6 0.35 1
466.7 0.35 1
467.8 0.35 1
468.9 0.35 1
470.0 0.35 1
471.1 0.35 1
472.1 0.35 1
473.2 0.35 1
474.5 0.35 1
475.6 0.35 1
476.7 0.35 1
477.7 0.35 1
478.8 0.35 1
480.0 0.35 1
