32.5 0.35 1
33.5 0.35 1
34.5 0.35 1
35.5 0.35 1
36.6 0.35 1
37.6 0.35 1
38.6 0.35 1
39.6 0.35 1
40.7 0.35 1
41.7 0.35 1
42.7 0.35 1
43.7 0.35 1
44.8 0.35 1
45.8 0.35 1
46.8 0.35 1
47.8 0.35 1
81.0 0.35 1
82.0 0.35 1
83.0 0.35 1
84.1 0.35 1
85.1 0.35 1
86.1 0.35 1
87.2 0.35 1
88.2 0.35 1
89.2 0.35 1
90.2 0.35 1
91.3 0.35 1
92.3 0.35 1
93.3 0.35 1
94.3 0.35 1
95.4 0.35 1
96.4 0.35 1
178.6 0.35 1
179.6 0.35 1
180.6 0.35 1
181.6 0.35 1
182.7 0.35 1
183.7 0.35 1
184.7 0.35 1
185.8 0.35 1
186.8 0.35 1
187.8 0.35 1
188.8 0.35 1
189.9 0.35 1
190.9 0.35 1
191.9 0.35 1
192.9 0.35 1
194.0 0.35 1
292.0 0.35 1
293.0 0.35 1
294.0 0.35 1
295.0 0.35 1
296.1 0.35 1
297.1 0.35 1
298.1 0.35 1
299.1 0.35 1
300.2 0.35 1
301.2 0.35 1
302.2 0.35 1
303.2 0.35 1
304.3 0.35 1
305.3 0.35 1
306.3 0.35 1
307.4 0.35 1
340.2 0.35 1
341.2 0.35 1
342.3 0.35 1
343.3 0.35 1
344.3 0.35 1
345.3 0.35 1
346.4 0.35 1
347.4 0.35 1
348.4 0.35 1
349.4 0.35 1
350.5 0.35 1
351.5 0.35 1
352.5 0.35 1
353.5 0.35 1
354.6 0.35 1
355.6 0.35 1
454.0 0.35 1
455.0 0.35 1
456.0 0.35 1
457.1 0.35 1
458.1 0.35 1
459.1 0.35 1
460.1 0.35 1
461.2 0.35 1
462.2 0.35 1
463.2 0.35 1
464.2 0.35 1
465.3 0.35 1
466.3 0.35 1
467.3 0.35 1
468.4 0.35 1
469.4 0.35 1
