50.3 0.35 1
51.4 0.35 1
52.5 0.35 1
53.6 0.35 1
54.7 0.35 1
55.8 0.35 1
56.9 0.35 1
58.0 0.35 1
59.0 0.35 1
60.0 0.35 1
61.1 0.35 1
62.1 0.35 1
63.2 0.35 1
64.2 0.35 1
65.3 0.35 1
66.3 0.35 1
117.8 0.35 1
118.8 0.35 1
119.9 0.35 1
120.9 0.35 1
121.9 0.35 1
123.0 0.35 1
124.0 0.35 1
125.1 0.35 1
126.1 0.35 1
127.2 0.35 1
128.2 0.35 1
129.3 0.35 1
130.3 0.35 1
131.3 0.35 1
132.4 0.35 1
133.4 0.35 1
165.0 0.35 1
166.1 0.35 1
167.1 0.35 1
168.1 0.35 1
169.2 0.35 1
170.2 0.35 1
171.3 0.35 1
172.4 0.35 1
173.4 0.35 1
174.4 0.35 1
175.5 0.35 1
176.5 0.35 1
177.6 0.35 1
178.6 0.35 1
179.7 0.35 1
180.7 0.35 1
262.2 0.35 1
263.2 0.35 1
264.3 0.35 1
265.4 0.35 1
266.4 0.35 1
267.5 0.35 1
268.6 0.35 1
269.7 0.35 1
270.8 0.35 1
271.8 0.35 1
273.0 0.35 1
274.1 0.35 1
275.2 0.35 1
276.2 0.35 1
277.3 0.35 1
278.4 0.35 1
380.1 0.35 1
381.2 0.35 1
382.3 0.35 1
383.5 0.35 1
384.6 0.35 1
385.7 0.35 1
386.8 0.35 1
387.9 0.35 1
389.0 0.35 1
390.0 0.35 1
391.1 0.35 1
392.2 0.35 1
393.3 0.35 1
394.4 0.35 1
395.5 0.35 1
396.6 0.35 1
414.0 0.35 1
415.1 0.35 1
416.1 0.35 1
417.1 0.35 1
418.3 0.35 1
419.3 0.35 1
420.3 0.35 1
421.7 0.35 1
422.8 0.35 1
423.9 0.35 1
425.0 0.35 1
426.0 0.35 1
427.1 0.35 1
428.2 0.35 1
429.2 0.35 1
430.2 0.35 1
