32.5 0.35 1
33.6 0.35 1
34.6 0.35 1
35.6 0.35 1
36.7 0.35 1
37.7 0.35 1
38.7 0.35 1
39.7 0.35 1
40.8 0.35 1
41.8 0.35 1
42.8 0.35 1
43.8 0.35 1
44.9 0.35 1
45.9 0.35 1
46.9 0.35 1
48.0 0.35 1
81.0 0.35 1
82.0 0.35 1
83.1 0.35 1
84.1 0.35 1
85.1 0.35 1
86.1 0.35 1
87.2 0.35 1
88.2 0.35 1
89.2 0.35 1
90.3 0.35 1
91.3 0.35 1
92.3 0.35 1
93.3 0.35 1
94.4 0.35 1
95.4 0.35 1
96.4 0.35 1
178.6 0.35 1
179.6 0.35 1
180.6 0.35 1
181.7 0.35 1
182.7 0.35 1
183.7 0.35 1
184.7 0.35 1
185.8 0.35 1
186.8 0.35 1
187.8 0.35 1
188.9 0.35 1
189.9 0.35 1
190.9 0.35 1
191.9 0.35 1
193.0 0.35 1
194.0 0.35 1
292.0 0.35 1
293.0 0.35 1
294.0 0.35 1
295.1 0.35 1
296.1 0.35 1
297.1 0.35 1
298.2 0.35 1
299.2 0.35 1
300.2 0.35 1
301.2 0.35 1
302.3 0.35 1
303.3 0.35 1
304.3 0.35 1
305.3 0.35 1
306.4 0.35 1
307.4 0.35 1
340.2 0.35 1
341.2 0.35 1
342.2 0.35 1
343.3 0.35 1
344.3 0.35 1
345.3 0.35 1
346.3 0.35 1
347.4 0.35 1
348.4 0.35 1
349.4 0.35 1
350.4 0.35 1
351.5 0.35 1
352.5 0.35 1
353.5 0.35 1
354.6 0.35 1
355.6 0.35 1
453.9 0.35 1
455.0 0.35 1
456.0 0.35 1
457.0 0.35 1
458.1 0.35 1
459.1 0.35 1
460.1 0.35 1
461.1 0.35 1
462.2 0.35 1
463.2 0.35 1
464.2 0.35 1
465.2 0.35 1
466.3 0.35 1
467.3 0.35 1
468.3 0.35 1
469.4 0.35 1
