0.0 0.35 1
1.1 0.35 1
2.1 0.35 1
3.1 0.35 1
4.1 0.35 1
5.1 0.35 1
6.2 0.35 1
7.2 0.35 1
8.2 0.35 1
9.2 0.35 1
10.2 0.35 1
11.3 0.35 1
12.3 0.35 1
13.3 0.35 1
14.3 0.35 1
15.3 0.35 1
101.7 0.35 1
102.7 0.35 1
103.7 0.35 1
104.7 0.35 1
105.7 0.35 1
106.8 0.35 1
107.8 0.35 1
108.8 0.35 1
109.8 0.35 1
110.8 0.35 1
111.9 0.35 1
112.9 0.35 1
113.9 0.35 1
114.9 0.35 1
115.9 0.35 1
117.0 0.35 1
185.9 0.35 1
186.9 0.35 1
187.9 0.35 1
189.0 0.35 1
190.0 0.35 1
191.0 0.35 1
192.0 0.35 1
193.0 0.35 1
194.1 0.35 1
195.1 0.35 1
196.1 0.35 1
197.1 0.35 1
198.1 0.35 1
199.2 0.35 1
200.2 0.35 1
201.2 0.35 1
252.0 0.35 1
253.0 0.35 1
254.0 0.35 1
255.0 0.35 1
256.1 0.35 1
257.1 0.35 1
258.1 0.35 1
259.1 0.35 1
260.1 0.35 1
261.2 0.35 1
262.2 0.35 1
263.2 0.35 1
264.2 0.35 1
265.2 0.35 1
266.3 0.35 1
267.3 0.35 1
371.2 0.35 1
372.2 0.35 1
373.3 0.35 1
374.3 0.35 1
375.3 0.35 1
376.3 0.35 1
377.3 0.35 1
378.4 0.35 1
379.4 0.35 1
380.4 0.35 1
381.4 0.35 1
382.4 0.35 1
383.5 0.35 1
384.5 0.35 1
385.5 0.35 1
386.5 0.35 1
471.1 0.35 1
472.1 0.35 1
473.1 0.35 1
474.1 0.35 1
475.2 0.35 1
476.2 0.35 1
477.2 0.35 1
478.2 0.35 1
479.2 0.35 1
480.2 0.35 1
481.3 0.35 1
482.3 0.35 1
483.3 0.35 1
484.3 0.35 1
485.3 0.35 1
486.4 0.35 1
