16.3 0.35 1
17.3 0.35 1
18.4 0.35 1
19.4 0.35 1
20.4 0.35 1
21.4 0.35 1
22.4 0.35 1
23.5 0.35 1
24.5 0.35 1
25.5 0.35 1
26.5 0.35 1
27.5 0.35 1
28.6 0.35 1
29.6 0.35 1
30.6 0.35 1
31.6 0.35 1
131.9 0.35 1
132.9 0.35 1
133.9 0.35 1
134.9 0.35 1
136.0 0.35 1
137.0 0.35 1
138.0 0.35 1
139.0 0.35 1
140.0 0.35 1
141.1 0.35 1
142.1 0.35 1
143.1 0.35 1
144.1 0.35 1
145.1 0.35 1
146.2 0.35 1
147.2 0.35 1
199.2 0.35 1
200.2 0.35 1
201.3 0.35 1
202.3 0.35 1
203.3 0.35 1
204.3 0.35 1
205.3 0.35 1
206.4 0.35 1
207.4 0.35 1
208.4 0.35 1
209.4 0.35 1
210.4 0.35 1
211.4 0.35 1
212.5 0.35 1
213.5 0.35 1
214.5 0.35 1
246.0 0.35 1
247.0 0.35 1
248.0 0.35 1
249.0 0.35 1
250.1 0.35 1
251.1 0.35 1
252.1 0.35 1
253.1 0.35 1
254.1 0.35 1
255.2 0.35 1
256.2 0.35 1
257.2 0.35 1
258.2 0.35 1
259.2 0.35 1
260.3 0.35 1
261.3 0.35 1
361.1 0.35 1
362.1 0.35 1
363.1 0.35 1
364.2 0.35 1
365.2 0.35 1
366.2 0.35 1
367.2 0.35 1
368.2 0.35 1
369.3 0.35 1
370.3 0.35 1
371.3 0.35 1
372.3 0.35 1
373.3 0.35 1
374.4 0.35 1
375.4 0.35 1
376.4 0.35 1
443.9 0.35 1
444.9 0.35 1
445.9 0.35 1
446.9 0.35 1
448.0 0.35 1
449.0 0.35 1
450.0 0.35 1
451.0 0.35 1
452.0 0.35 1
453.1 0.35 1
454.1 0.35 1
455.1 0.35 1
456.1 0.35 1
457.1 0.35 1
458.2 0.35 1
459.2 0.35 1
