51.7 0.35 1
52.7 0.35 1
53.7 0.35 1
54.7 0.35 1
55.8 0.35 1
56.8 0.35 1
57.8 0.35 1
58.8 0.35 1
59.8 0.35 1
60.9 0.35 1
61.9 0.35 1
62.9 0.35 1
63.9 0.35 1
64.9 0.35 1
66.0 0.35 1
67.0 0.35 1
118.0 0.35 1
119.0 0.35 1
120.0 0.35 1
121.0 0.35 1
122.0 0.35 1
123.1 0.35 1
124.1 0.35 1
125.1 0.35 1
126.1 0.35 1
127.1 0.35 1
128.1 0.35 1
129.2 0.35 1
130.2 0.35 1
131.2 0.35 1
132.2 0.35 1
133.2 0.35 1
201.4 0.35 1
202.4 0.35 1
203.4 0.35 1
204.4 0.35 1
205.5 0.35 1
206.5 0.35 1
207.5 0.35 1
208.5 0.35 1
209.5 0.35 1
210.6 0.35 1
211.6 0.35 1
212.6 0.35 1
213.6 0.35 1
214.6 0.35 1
215.6 0.35 1
216.7 0.35 1
268.3 0.35 1
269.3 0.35 1
270.3 0.35 1
271.4 0.35 1
272.4 0.35 1
273.4 0.35 1
274.4 0.35 1
275.4 0.35 1
276.5 0.35 1
277.5 0.35 1
278.5 0.35 1
279.5 0.35 1
280.5 0.35 1
281.6 0.35 1
282.6 0.35 1
283.6 0.35 1
387.6 0.35 1
388.7 0.35 1
389.7 0.35 1
390.7 0.35 1
391.7 0.35 1
392.7 0.35 1
393.8 0.35 1
394.8 0.35 1
395.8 0.35 1
396.8 0.35 1
397.8 0.35 1
398.9 0.35 1
399.9 0.35 1
400.9 0.35 1
401.9 0.35 1
402.9 0.35 1
420.0 0.35 1
421.0 0.35 1
422.0 0.35 1
423.1 0.35 1
424.1 0.35 1
425.1 0.35 1
426.1 0.35 1
427.1 0.35 1
428.1 0.35 1
429.2 0.35 1
430.2 0.35 1
431.2 0.35 1
432.2 0.35 1
433.2 0.35 1
434.3 0.35 1
435.3 0.35 1
