32.7 0.35 1
33.8 0.35 1
34.8 0.35 1
35.8 0.35 1
36.8 0.35 1
37.9 0.35 1
38.9 0.35 1
39.9 0.35 1
40.9 0.35 1
41.9 0.35 1
43.0 0.35 1
44.0 0.35 1
45.0 0.35 1
46.0 0.35 1
47.1 0.35 1
48.1 0.35 1
81.0 0.35 1
82.0 0.35 1
83.0 0.35 1
84.1 0.35 1
85.1 0.35 1
86.1 0.35 1
87.1 0.35 1
88.2 0.35 1
89.2 0.35 1
90.2 0.35 1
91.2 0.35 1
92.2 0.35 1
93.2 0.35 1
94.3 0.35 1
95.3 0.35 1
96.3 0.35 1
210.8 0.35 1
211.8 0.35 1
212.8 0.35 1
213.8 0.35 1
214.9 0.35 1
215.9 0.35 1
216.9 0.35 1
217.9 0.35 1
218.9 0.35 1
220.0 0.35 1
221.0 0.35 1
222.0 0.35 1
223.0 0.35 1
224.1 0.35 1
225.1 0.35 1
226.1 0.35 1
275.2 0.35 1
276.2 0.35 1
277.3 0.35 1
278.3 0.35 1
279.3 0.35 1
280.3 0.35 1
281.4 0.35 1
282.4 0.35 1
283.4 0.35 1
284.4 0.35 1
285.5 0.35 1
286.5 0.35 1
287.5 0.35 1
288.5 0.35 1
289.6 0.35 1
290.6 0.35 1
324.0 0.35 1
325.0 0.35 1
326.0 0.35 1
327.0 0.35 1
328.1 0.35 1
329.1 0.35 1
330.1 0.35 1
331.1 0.35 1
332.1 0.35 1
333.2 0.35 1
334.2 0.35 1
335.2 0.35 1
336.2 0.35 1
337.3 0.35 1
338.3 0.35 1
339.3 0.35 1
421.1 0.35 1
422.1 0.35 1
423.1 0.35 1
424.1 0.35 1
425.2 0.35 1
426.2 0.35 1
427.2 0.35 1
428.2 0.35 1
429.3 0.35 1
430.3 0.35 1
431.3 0.35 1
432.3 0.35 1
433.4 0.35 1
434.4 0.35 1
435.4 0.35 1
436.4 0.35 1
