32.8 0.35 1
33.9 0.35 1
34.9 0.35 1
36.0 0.35 1
37.1 0.35 1
38.3 0.35 1
39.4 0.35 1
40.4 0.35 1
41.5 0.35 1
42.5 0.35 1
43.7 0.35 1
44.7 0.35 1
45.8 0.35 1
46.9 0.35 1
47.9 0.35 1
49.1 0.35 1
81.2 0.35 1
82.3 0.35 1
83.4 0.35 1
84.6 0.35 1
85.6 0.35 1
86.8 0.35 1
87.9 0.35 1
89.0 0.35 1
90.1 0.35 1
91.3 0.35 1
92.4 0.35 1
93.5 0.35 1
94.6 0.35 1
95.7 0.35 1
96.8 0.35 1
97.9 0.35 1
210.9 0.35 1
212.0 0.35 1
213.1 0.35 1
214.1 0.35 1
215.1 0.35 1
216.3 0.35 1
217.3 0.35 1
218.4 0.35 1
219.5 0.35 1
220.6 0.35 1
221.7 0.35 1
222.8 0.35 1
223.9 0.35 1
225.0 0.35 1
226.1 0.35 1
227.1 0.35 1
275.4 0.35 1
276.5 0.35 1
277.7 0.35 1
278.8 0.35 1
279.9 0.35 1
280.9 0.35 1
282.0 0.35 1
283.1 0.35 1
284.3 0.35 1
285.5 0.35 1
286.5 0.35 1
287.6 0.35 1
288.7 0.35 1
289.8 0.35 1
291.0 0.35 1
292.1 0.35 1
324.1 0.35 1
325.2 0.35 1
326.4 0.35 1
327.5 0.35 1
328.5 0.35 1
329.6 0.35 1
330.7 0.35 1
331.8 0.35 1
332.9 0.35 1
334.1 0.35 1
335.2 0.35 1
336.3 0.35 1
337.4 0.35 1
338.5 0.35 1
339.6 0.35 1
340.6 0.35 1
421.2 0.35 1
422.4 0.35 1
423.5 0.35 1
424.6 0.35 1
425.7 0.35 1
426.8 0.35 1
427.9 0.35 1
428.9 0.35 1
430.1 0.35 1
431.3 0.35 1
432.4 0.35 1
433.5 0.35 1
434.5 0.35 1
435.6 0.35 1
436.8 0.35 1
437.9 0.35 1
