32.7 0.35 1
33.7 0.35 1
34.7 0.35 1
35.7 0.35 1
36.8 0.35 1
37.8 0.35 1
38.8 0.35 1
39.8 0.35 1
40.9 0.35 1
41.9 0.35 1
42.9 0.35 1
43.9 0.35 1
44.9 0.35 1
46.0 0.35 1
47.0 0.35 1
48.0 0.35 1
81.0 0.35 1
82.1 0.35 1
83.3 0.35 1
84.4 0.35 1
85.5 0.35 1
86.5 0.35 1
87.7 0.35 1
88.8 0.35 1
89.9 0.35 1
91.1 0.35 1
92.2 0.35 1
93.3 0.35 1
94.4 0.35 1
95.6 0.35 1
96.6 0.35 1
97.8 0.35 1
182.0 0.35 1
183.1 0.35 1
184.3 0.35 1
185.4 0.35 1
186.5 0.35 1
187.6 0.35 1
188.6 0.35 1
189.8 0.35 1
190.8 0.35 1
191.9 0.35 1
193.0 0.35 1
194.1 0.35 1
195.1 0.35 1
196.2 0.35 1
197.3 0.35 1
198.3 0.35 1
296.4 0.35 1
297.6 0.35 1
298.7 0.35 1
299.8 0.35 1
300.8 0.35 1
301.9 0.35 1
303.0 0.35 1
304.1 0.35 1
305.3 0.35 1
306.3 0.35 1
307.4 0.35 1
308.6 0.35 1
309.7 0.35 1
310.9 0.35 1
312.0 0.35 1
313.1 0.35 1
346.4 0.35 1
347.5 0.35 1
348.7 0.35 1
349.8 0.35 1
350.9 0.35 1
352.1 0.35 1
353.2 0.35 1
354.2 0.35 1
355.3 0.35 1
356.4 0.35 1
357.5 0.35 1
358.6 0.35 1
359.7 0.35 1
360.8 0.35 1
361.9 0.35 1
363.1 0.35 1
463.7 0.35 1
464.8 0.35 1
465.9 0.35 1
467.0 0.35 1
468.1 0.35 1
469.3 0.35 1
470.3 0.35 1
471.4 0.35 1
472.5 0.35 1
473.6 0.35 1
474.8 0.35 1
475.9 0.35 1
477.0 0.35 1
478.0 0.35 1
479.1 0.35 1
480.2 0.35 1
