33.0 0.35 1
34.0 0.35 1
35.2 0.35 1
36.3 0.35 1
37.5 0.35 1
38.5 0.35 1
39.7 0.35 1
40.8 0.35 1
41.9 0.35 1
42.9 0.35 1
44.0 0.35 1
45.2 0.35 1
46.3 0.35 1
47.4 0.35 1
48.6 0.35 1
49.7 0.35 1
84.1 0.35 1
85.2 0.35 1
86.3 0.35 1
87.5 0.35 1
88.5 0.35 1
89.6 0.35 1
90.7 0.35 1
91.8 0.35 1
92.9 0.35 1
94.1 0.35 1
95.3 0.35 1
96.4 0.35 1
97.4 0.35 1
98.5 0.35 1
99.7 0.35 1
100.8 0.35 1
217.3 0.35 1
218.5 0.35 1
219.6 0.35 1
220.6 0.35 1
221.7 0.35 1
222.8 0.35 1
224.0 0.35 1
225.1 0.35 1
226.2 0.35 1
227.3 0.35 1
228.3 0.35 1
229.5 0.35 1
230.7 0.35 1
231.8 0.35 1
232.9 0.35 1
234.0 0.35 1
284.8 0.35 1
285.9 0.35 1
287.1 0.35 1
288.1 0.35 1
289.3 0.35 1
290.3 0.35 1
291.4 0.35 1
292.5 0.35 1
293.6 0.35 1
294.8 0.35 1
295.8 0.35 1
296.9 0.35 1
298.0 0.35 1
299.2 0.35 1
300.3 0.35 1
301.5 0.35 1
336.1 0.35 1
337.3 0.35 1
338.5 0.35 1
339.6 0.35 1
340.6 0.35 1
341.8 0.35 1
342.9 0.35 1
344.0 0.35 1
345.1 0.35 1
346.1 0.35 1
347.3 0.35 1
348.5 0.35 1
349.6 0.35 1
350.7 0.35 1
351.9 0.35 1
352.9 0.35 1
436.4 0.35 1
437.6 0.35 1
438.7 0.35 1
439.8 0.35 1
440.9 0.35 1
442.0 0.35 1
443.1 0.35 1
444.1 0.35 1
445.3 0.35 1
446.5 0.35 1
447.6 0.35 1
448.7 0.35 1
449.7 0.35 1
450.9 0.35 1
452.0 0.35 1
453.1 0.35 1
