32.3 0.35 1
33.3 0.35 1
34.3 0.35 1
35.3 0.35 1
36.4 0.35 1
37.4 0.35 1
38.4 0.35 1
39.5 0.35 1
40.5 0.35 1
41.5 0.35 1
42.5 0.35 1
43.5 0.35 1
44.6 0.35 1
45.6 0.35 1
46.6 0.35 1
47.6 0.35 1
81.0 0.35 1
82.0 0.35 1
83.0 0.35 1
84.1 0.35 1
85.1 0.35 1
86.1 0.35 1
87.1 0.35 1
88.2 0.35 1
89.2 0.35 1
90.2 0.35 1
91.2 0.35 1
92.3 0.35 1
93.3 0.35 1
94.3 0.35 1
95.3 0.35 1
96.4 0.35 1
178.6 0.35 1
179.6 0.35 1
180.6 0.35 1
181.7 0.35 1
182.7 0.35 1
183.7 0.35 1
184.7 0.35 1
185.8 0.35 1
186.8 0.35 1
187.8 0.35 1
188.8 0.35 1
189.9 0.35 1
190.9 0.35 1
191.9 0.35 1
192.9 0.35 1
194.0 0.35 1
291.9 0.35 1
293.0 0.35 1
294.1 0.35 1
295.2 0.35 1
296.3 0.35 1
297.3 0.35 1
298.4 0.35 1
299.4 0.35 1
300.6 0.35 1
301.6 0.35 1
302.7 0.35 1
303.8 0.35 1
304.9 0.35 1
306.0 0.35 1
307.1 0.35 1
308.2 0.35 1
340.2 0.35 1
341.3 0.35 1
342.5 0.35 1
343.6 0.35 1
344.7 0.35 1
345.8 0.35 1
346.9 0.35 1
347.9 0.35 1
349.0 0.35 1
350.1 0.35 1
351.2 0.35 1
352.2 0.35 1
353.3 0.35 1
354.5 0.35 1
355.6 0.35 1
356.6 0.35 1
457.3 0.35 1
458.4 0.35 1
459.6 0.35 1
460.7 0.35 1
461.8 0.35 1
462.9 0.35 1
463.9 0.35 1
465.1 0.35 1
466.2 0.35 1
467.3 0.35 1
468.4 0.35 1
469.6 0.35 1
470.7 0.35 1
471.7 0.35 1
472.8 0.35 1
473.9 0.35 1
