49.1 0.35 1
50.2 0.35 1
51.2 0.35 1
52.2 0.35 1
53.3 0.35 1
54.3 0.35 1
55.3 0.35 1
56.4 0.35 1
57.4 0.35 1
58.4 0.35 1
59.5 0.35 1
60.5 0.35 1
61.6 0.35 1
62.6 0.35 1
63.6 0.35 1
64.7 0.35 1
113.8 0.35 1
114.8 0.35 1
115.8 0.35 1
116.9 0.35 1
117.9 0.35 1
118.9 0.35 1
120.0 0.35 1
121.0 0.35 1
122.0 0.35 1
123.1 0.35 1
124.1 0.35 1
125.2 0.35 1
126.2 0.35 1
127.2 0.35 1
128.3 0.35 1
129.3 0.35 1
162.0 0.35 1
163.1 0.35 1
164.1 0.35 1
165.1 0.35 1
166.2 0.35 1
167.2 0.35 1
168.2 0.35 1
169.3 0.35 1
170.3 0.35 1
171.3 0.35 1
172.4 0.35 1
173.4 0.35 1
174.5 0.35 1
175.5 0.35 1
176.5 0.35 1
177.6 0.35 1
259.3 0.35 1
260.3 0.35 1
261.4 0.35 1
262.4 0.35 1
263.5 0.35 1
264.5 0.35 1
265.5 0.35 1
266.6 0.35 1
267.6 0.35 1
268.6 0.35 1
269.7 0.35 1
270.7 0.35 1
271.7 0.35 1
272.8 0.35 1
273.8 0.35 1
274.9 0.35 1
373.1 0.35 1
374.1 0.35 1
375.2 0.35 1
376.2 0.35 1
377.2 0.35 1
378.3 0.35 1
379.3 0.35 1
380.3 0.35 1
381.4 0.35 1
382.4 0.35 1
383.4 0.35 1
384.5 0.35 1
385.5 0.35 1
386.6 0.35 1
387.6 0.35 1
388.6 0.35 1
405.0 0.35 1
406.0 0.35 1
407.1 0.35 1
408.1 0.35 1
409.2 0.35 1
410.2 0.35 1
411.2 0.35 1
412.3 0.35 1
413.3 0.35 1
414.3 0.35 1
415.4 0.35 1
416.4 0.35 1
417.4 0.35 1
418.5 0.35 1
419.5 0.35 1
420.6 0.35 1
