16.7 0.35 1
17.8 0.35 1
18.8 0.35 1
19.9 0.35 1
21.0 0.35 1
22.1 0.35 1
23.2 0.35 1
24.3 0.35 1
25.5 0.35 1
26.6 0.35 1
27.6 0.35 1
28.7 0.35 1
29.8 0.35 1
30.9 0.35 1
32.0 0.35 1
33.1 0.35 1
134.7 0.35 1
135.8 0.35 1
136.8 0.35 1
137.8 0.35 1
138.9 0.35 1
139.9 0.35 1
141.0 0.35 1
142.0 0.35 1
143.0 0.35 1
144.1 0.35 1
145.1 0.35 1
146.2 0.35 1
147.2 0.35 1
148.2 0.35 1
149.3 0.35 1
150.3 0.35 1
168.0 0.35 1
169.1 0.35 1
170.1 0.35 1
171.2 0.35 1
172.2 0.35 1
173.2 0.35 1
174.3 0.35 1
175.3 0.35 1
176.4 0.35 1
177.4 0.35 1
178.4 0.35 1
179.5 0.35 1
180.5 0.35 1
181.6 0.35 1
182.6 0.35 1
183.6 0.35 1
298.8 0.35 1
299.8 0.35 1
300.8 0.35 1
301.9 0.35 1
302.9 0.35 1
304.0 0.35 1
305.1 0.35 1
306.2 0.35 1
307.2 0.35 1
308.3 0.35 1
309.4 0.35 1
310.5 0.35 1
311.6 0.35 1
312.7 0.35 1
313.8 0.35 1
314.9 0.35 1
347.6 0.35 1
348.8 0.35 1
349.9 0.35 1
351.0 0.35 1
352.0 0.35 1
353.1 0.35 1
354.3 0.35 1
355.3 0.35 1
356.5 0.35 1
357.6 0.35 1
358.7 0.35 1
359.7 0.35 1
360.8 0.35 1
362.0 0.35 1
363.0 0.35 1
364.1 0.35 1
