50.8 0.35 1
51.8 0.35 1
52.8 0.35 1
53.8 0.35 1
54.8 0.35 1
55.8 0.35 1
56.8 0.35 1
57.8 0.35 1
58.8 0.35 1
59.8 0.35 1
60.8 0.35 1
61.8 0.35 1
62.8 0.35 1
63.9 0.35 1
64.9 0.35 1
65.9 0.35 1
114.8 0.35 1
115.8 0.35 1
116.8 0.35 1
117.8 0.35 1
118.8 0.35 1
119.8 0.35 1
120.8 0.35 1
121.8 0.35 1
122.8 0.35 1
123.8 0.35 1
124.8 0.35 1
125.8 0.35 1
126.8 0.35 1
127.9 0.35 1
128.9 0.35 1
129.9 0.35 1
194.8 0.35 1
195.8 0.35 1
196.8 0.35 1
197.8 0.35 1
198.8 0.35 1
199.8 0.35 1
200.8 0.35 1
201.8 0.35 1
202.8 0.35 1
203.8 0.35 1
204.8 0.35 1
205.9 0.35 1
206.9 0.35 1
207.9 0.35 1
208.9 0.35 1
209.9 0.35 1
259.1 0.35 1
260.1 0.35 1
261.1 0.35 1
262.1 0.35 1
263.1 0.35 1
264.1 0.35 1
265.1 0.35 1
266.1 0.35 1
267.1 0.35 1
268.2 0.35 1
269.2 0.35 1
270.2 0.35 1
271.2 0.35 1
272.2 0.35 1
273.2 0.35 1
274.2 0.35 1
378.2 0.35 1
379.2 0.35 1
380.2 0.35 1
381.2 0.35 1
382.2 0.35 1
383.2 0.35 1
384.3 0.35 1
385.3 0.35 1
386.3 0.35 1
387.3 0.35 1
388.3 0.35 1
389.3 0.35 1
390.3 0.35 1
391.3 0.35 1
392.3 0.35 1
393.3 0.35 1
411.0 0.35 1
412.0 0.35 1
413.0 0.35 1
414.0 0.35 1
415.0 0.35 1
416.0 0.35 1
417.0 0.35 1
418.0 0.35 1
419.0 0.35 1
420.0 0.35 1
421.0 0.35 1
422.1 0.35 1
423.1 0.35 1
424.1 0.35 1
425.1 0.35 1
426.1 0.35 1
